norm	energy
0.03428514968918528	0.01045
0.031137723846771534	0.01135
0.028961283014462647	0.01225
0.02745487700872895	0.01315
0.02488673199620731	0.01405
0.024122632996778207	0.01495
0.021598071970505586	0.01585
0.021030100909197092	0.01675
0.01928398297909377	0.01765
0.01938273656818966	0.01855
0.017792472766128727	0.01945
0.016128281696252994	0.02035
0.016429231879782652	0.02125
0.014721732671672129	0.02215
0.015055784616909906	0.02305
0.014657460084355528	0.02395
0.013767574390435572	0.02485
0.013563998555930634	0.02575
0.014424092664313283	0.02665
0.011637200176503815	0.02755
0.010587322634327942	0.02845
0.01083917187132389	0.02935
0.011054057474412435	0.03025
0.011663957433884545	0.03115
0.011414314981002474	0.03205
0.011020404016675846	0.03295
0.010174378157019145	0.03385
0.009086433588878937	0.03475
0.008995127896167372	0.03565
0.00896947403084358	0.03655
0.008035452654646126	0.03745
0.009400900325106076	0.03835
0.009115673478387775	0.03925
0.008659145014829953	0.04015
0.008562322361833703	0.04105
0.008947682037719066	0.04195
0.008211719535741865	0.04285
0.008268268378659904	0.04375
0.007653403154931576	0.04465
0.007902769759799411	0.04555
0.007558787286049198	0.04645
0.007666092163586355	0.04735
0.007840703956596686	0.04825
0.007648713738689592	0.04915
0.0075229270441987345	0.05005
0.007687056612668163	0.05095
0.007378658532754179	0.05185
0.00798414492399854	0.05275
0.00701840102616414	0.05365
0.006917716500968608	0.05455
0.004296884517728208	0.05545
0.004538803226211719	0.05635
0.004938506998837267	0.05725
0.0059654891558316905	0.05815
0.005562751055049563	0.05905
0.005590060008458763	0.05995
0.005423171959846991	0.06085
0.005501236947875307	0.06175
0.005596680360800387	0.06265
0.005587853224344888	0.06355
0.005508684844259635	0.06445
0.005722191207277008	0.06535
0.005722467055291242	0.06625
0.005296557721313431	0.06715
0.005587577376330654	0.06805
0.005548131110295144	0.06895
0.005179046467249607	0.06985
0.005433378336373661	0.07075
0.005430895704245552	0.07165
0.00522952665385449	0.07255
0.004915335765641584	0.07345
0.004598662245300569	0.07435
0.004481426839250978	0.07525
0.0049180942457839275	0.07615
0.004880027219819589	0.07705
0.004948437527349704	0.07795
0.0043661223693010264	0.07885
0.004962781624089889	0.07975
0.004964988408203763	0.08065
0.004781273630723697	0.08155
0.004445842445414749	0.08245
0.004039518320447575	0.08335
0.003958143156248447	0.08425
0.003921179522341047	0.08515
0.0037788419469961306	0.08605
0.004224060641970344	0.08695
0.004441428877186999	0.08785
0.002721709602045896	0.08875
0.003385206830683737	0.08965
0.003838700966084981	0.09055
0.003968073684760883	0.09145
0.004021588199522344	0.09235
0.0038135987967896565	0.09325
0.0036527794044910406	0.09415
0.004287229837230007	0.09505
0.004036208144276764	0.09595
0.0038293221336010135	0.09685
0.003921455370355281	0.09775
0.0037752559228110844	0.09865
0.0038235293253020925	0.09955
0.003574714416462724	0.1045
0.003352380916989851	0.1135
0.00384118359821309	0.1225
0.0023843750654387293	0.1315
0.0026908973788559204	0.1405
0.0025884750111707126	0.1495
0.00283792437044282	0.1585
0.0021406357600612727	0.1675
0.001980616327003936	0.1765
0.0018125145471295332	0.1855
0.0017143126540621106	0.1945
0.0017876330562455966	0.2035
0.0013581928676855864	0.2125
0.0013815571944912346	0.2215
0.0017476075093801945	0.2305
0.0015608032341407044	0.2395
0.0011059574434697122	0.2485
0.0011503965585628634	0.2575
0.0012896446361483549	0.2665
0.0013485933567902316	0.2755
0.0013602341429909206	0.2845
0.0009797845617589283	0.2935
0.0013123469277198404	0.3025
0.0014851381238362266	0.3115
0.0013122365885141465	0.3205
0.0008749347315484582	0.3295
0.0009319801008921181	0.3385
0.0009723642501760246	0.3475
0.0007205977675843486	0.3565
0.0007151359769025089	0.3655
0.0006674142704399692	0.3745
0.0006298713557026765	0.3835
0.0005945628098806818	0.3925
0.0005726880623518992	0.4015
0.0005785360402536671	0.4105
0.0005599714688956964	0.4195
0.00041961999925326773	0.4285
0.000412254857273211	0.4375
0.00047393447325600786	0.4465
0.000668352153688366	0.4555
0.0007742226215515031	0.4645
0.0008740796027043316	0.4735
0.0009902943711012561	0.4825
0.0010572978537587757	0.4915
0.0010333266613218122	0.5005
0.0008256682762062062	0.5095
0.000970985010104853	0.5185
0.001026182197753143	0.5275
0.0009981836243083582	0.5365
0.0011514999506198006	0.5455
0.0010241409224478089	0.5545
0.0008841204704224615	0.5635
0.0008648662790289048	0.5725
0.001025547747320404	0.5815
0.0007343349986932185	0.5905
0.0007380865316868055	0.5995
0.0007893390927315446	0.6085
0.0007927871929094736	0.6175
0.000816675630942167	0.6265
0.0008939406597292037	0.6355
0.0007482101538092054	0.6445
0.000773008890288872	0.6535
0.0008084553601179839	0.6625
0.0008151032972610312	0.6715
0.0007083777005537677	0.6805
0.0007755466920198278	0.6895
0.000748182569007782	0.6985
0.0008096415065791914	0.7075
0.0008165101221336263	0.7165
0.000777587967325162	0.7255
0.0007155773337252837	0.7345
0.0006427258731659963	0.7435
0.0006611801053182733	0.7525
0.0007121292335473547	0.7615
0.0006454015989040694	0.7705
0.0005229250805840255	0.7795
0.0006932612293737263	0.7885
0.000597376459625872	0.7975
0.000568605511741231	0.8065
0.0005711157286707635	0.8155
0.0004642522079563828	0.8245
0.000524993940690783	0.8335
0.000495009261543511	0.8425
0.0004677830625385823	0.8515
0.00042966086697139745	0.8605
0.0004224888186013048	0.8695
0.00039076629696435644	0.8785
0.0003217215390015028	0.8875
0.0003211422581716107	0.8965
0.00026345416295478464	0.9055
0.0002644306649251742	0.9145
0.0002539291310232731	0.9235
0.00024359586441005497	0.9325
0.00025350432508135224	0.9415
0.0002500176061814303	0.9505
0.00021511731542050243	0.9595
0.00022330448448297746	0.9685
0.000197799577086871	0.9775
0.00014871518143401376	0.9865
0.00017847642368975594	0.9955
0.0002220411005777842	1.045
0.0003351553372947149	1.135
0.00034298942089896995	1.225
0.0002431020964645755	1.315
0.00033592771173457104	1.405
0.0002924540646912401	1.495
0.00023402945527640833	1.585
0.00022678016946233004	1.675
0.00024561231339410795	1.765
0.00017925983205018144	1.855
0.0001654426050171837	1.945
0.00021073960743460356	2.035
0.00021157266843759126	2.125
0.0002477777203058475	2.215
0.00033198308513102007	2.305
0.0002773100087097752	2.395
0.00013545516738976935	2.485
0.00011817880625827304	2.575
0.0001064745750143103	2.665
8.882857754373999e-05	2.755
7.017849330135672e-05	2.845
5.782050226365859e-05	2.935
6.572354787147224e-05	3.025
5.324694218765334e-05	3.115
3.706293919252501e-05	3.205
3.153218650712663e-05	3.295
2.5131409184833163e-05	3.385
2.2049911017821425e-05	3.475
2.433282918362477e-05	3.565
2.2973450169477977e-05	3.655
2.3331776739968376e-05	3.745
3.173907251780238e-05	3.835
2.995985282599093e-05	3.925
2.870198588108237e-05	4.015
3.649745076334463e-05	4.105
2.790478511994515e-05	4.195
2.300627608317186e-05	4.285
1.810197423809965e-05	4.375
2.255029931564251e-05	4.465
2.2046049145622148e-05	4.555
2.510051420723892e-05	4.645
2.6762498493000776e-05	4.735
2.0897969710378853e-05	4.825
2.4822735256904945e-05	4.915
2.5608902097472794e-05	5.005
1.6044975595954226e-05	5.095
1.6891277303625163e-05	5.185
1.5643616735243274e-05	5.275
1.8183625250313013e-05	5.365
1.8302791592462246e-05	5.455
1.3680682265951759e-05	5.545
1.2079384543321452e-05	5.635
1.3351595584970199e-05	5.725
1.4747938233024394e-05	5.815
1.2001043707278903e-05	5.905
1.3229946610692856e-05	5.995
1.6487435810786097e-05	6.085
1.528501431673864e-05	6.175
1.1393902227949136e-05	6.265
1.268018151832383e-05	6.355
1.205510991806883e-05	6.445
1.683114243652208e-05	6.535
1.0221824015467452e-05	6.625
1.0049694854585228e-05	6.715
9.001196552480528e-06	6.805
1.242805643331365e-05	6.895
9.990663379539082e-06	6.985
6.932888141751497e-06	7.075
7.744432999628905e-06	7.165
5.539028125825412e-06	7.255
6.271404603617566e-06	7.345
7.39962298183599e-06	7.435
7.466929897309167e-06	7.525
7.267215935003509e-06	7.615
5.118084056103819e-06	7.705
5.710053894650698e-06	7.795
4.865131427050936e-06	7.885
8.315990085122445e-06	7.975
7.2277696689679996e-06	8.065
6.045760927973882e-06	8.155
4.491357367763414e-06	8.245
6.208235408357904e-06	8.335
5.43006816020285e-06	8.425
6.562424258634787e-06	8.515
5.179046467249607e-06	8.605
5.527166661213335e-06	8.695
4.552043930894967e-06	8.785
5.724949687419353e-06	8.875
6.959645399132227e-06	8.965
3.482581179708457e-06	9.055
5.2460775347085495e-06	9.145
4.873958563506434e-06	9.235
4.866510667122107e-06	9.325
5.4237236558754604e-06	9.415
4.44970431761403e-06	9.505
5.024019883249911e-06	9.595
5.766326889554501e-06	9.685
4.22819836218386e-06	9.775
4.06903405797065e-06	9.865
2.9846755140154858e-06	9.955
4.092481139180568e-06	10.45
3.0026056349407175e-06	11.35
2.6801117214993586e-06	12.25
2.488645614819308e-06	13.15
2.5133891816961277e-06	14.05
2.6692433097385256e-06	14.95
2.249816404095222e-06	15.85
2.049192143342591e-06	16.75
2.636831168065992e-06	17.65
2.3398256111398852e-06	18.55
2.139504783202912e-06	19.45
1.8784973921343862e-06	20.35
1.500364934221962e-06	21.25
1.622096662903573e-06	22.15
1.6369924556722274e-06	23.05
1.4873173231486782e-06	23.95
1.4694147870248698e-06	24.85
1.5847192569748212e-06	25.75
1.7875503018413263e-06	26.65
1.4402576519203009e-06	27.55
1.3786056207389275e-06	28.45
2.0055254026892965e-06	29.35
1.8018116441772414e-06	30.25
1.5321977950646041e-06	31.15
1.5187088271685453e-06	32.05
1.4724215303800241e-06	32.95
1.7816471543367117e-06	33.85
1.6340684667213433e-06	34.75
1.2660044613284724e-06	35.65
1.254198166319243e-06	36.55
1.2210136502068529e-06	37.45
1.1362731402340655e-06	38.35
9.579373990315691e-07	39.25
1.0211065942912314e-06	40.15
1.4100522943616414e-06	41.05
1.9509074958708985e-06	41.95
2.0482266752927715e-06	42.85
1.5219914185379337e-06	43.75
1.4481469051274026e-06	44.65
1.4111556864185786e-06	45.55
1.2704180295562218e-06	46.45
1.3661097056941122e-06	47.35
1.0563875553118026e-06	48.25
8.826308911455961e-07	49.15
8.240683577236472e-07	50.05
9.943217521090776e-07	50.95
5.192838867961323e-07	51.85
1.0224030799581327e-06	52.75
8.779966445064593e-07	53.65
8.337230382218488e-07	54.55
9.781846432763692e-07	55.45
8.013936509535849e-07	56.35
3.324796115566419e-07	57.25
5.338210771462817e-07	58.15
3.685605318184927e-07	59.05
4.5705257478486676e-07	59.95
5.001952042111165e-07	60.85
4.34405452816228e-07	61.75
7.057019748156947e-07	62.65
8.269371770716842e-07	63.55
6.644351118862385e-07	64.45
3.562025407807945e-07	65.35
2.977503465645393e-07	66.25
3.8864226725475213e-07	67.15
9.544892988536399e-07	68.05
1.1102882572931914e-06	68.95
3.281763825345863e-07	69.85
3.5341647583702776e-07	70.75
6.785861150164598e-07	71.65
5.348968844017956e-07	72.55
5.874459311134361e-07	73.45
3.5562325995090245e-07	74.35
6.259818987019725e-07	75.25
8.178617774033746e-07	76.15
6.182305695019877e-07	77.05
7.928975321151675e-08	77.95
1.205952348629658e-07	78.85
1.8373408684106233e-07	79.75
1.989719311473669e-07	80.65
1.221537761433898e-07	81.55
8.266889138588734e-08	82.45
9.222702507910697e-08	83.35
1.084496467962281e-07	84.25
6.170444230407801e-08	85.15
5.0794653341110125e-08	86.05
7.206529371871956e-08	86.95
2.7675831268130657e-07	87.85
3.251420543780086e-07	88.75
1.890027839129381e-08	89.65
9.722263261689076e-08	90.55
7.482653234120524e-08	91.45
5.492409811419809e-08	92.35
4.841132649812548e-08	93.25
1.1687680363108699e-07	94.15
1.597711698445258e-07	95.05
6.88599397933166e-08	95.95
8.25144164979161e-08	96.85
1.9096682177428657e-08	97.75
3.981314389444131e-08	98.65
2.580530588360764e-08	99.55
1.1664233281898781e-07	104.75
3.9824177815010695e-08	114.25
4.745965084901703e-08	123.75
2.8064776968201065e-08	133.25
1.6871967942628758e-08	142.75
1.624579295031682e-08	152.25
1.7528210368492238e-08	161.75
8.72314175413232e-09	171.25
6.960197095160696e-09	180.75
1.1863671396190205e-08	190.25
3.8982841371595976e-09	199.75
1.4236240166619701e-09	209.25
1.9015858709257994e-09	218.75
4.867889907193279e-09	228.25
3.208664101573764e-09	237.75
1.683969372496334e-09	247.25
8.062485760041091e-10	256.75
