norm	energy
0.028021351208182346	0.01045
0.027723455247810565	0.01135
0.023905740871266148	0.01225
0.022725635589719954	0.01315
0.021230963105983006	0.01405
0.020390295239832913	0.01495
0.017087749565399327	0.01585
0.01785927277285762	0.01675
0.017280698692025455	0.01765
0.01651491476453763	0.01855
0.01613256939888614	0.01945
0.015669054216509496	0.02035
0.01576470888268392	0.02125
0.01285134105005714	0.02215
0.012636254700687789	0.02305
0.013837404008792359	0.02395
0.013485394837270473	0.02485
0.015189687689452518	0.02575
0.01381171389844837	0.02665
0.009150052067199307	0.02755
0.008553166950270894	0.02845
0.008953276753926204	0.02935
0.009214277343059279	0.03025
0.009104137827435584	0.03115
0.010614388356806653	0.03205
0.009206898268811539	0.03295
0.009063689568596113	0.03385
0.009105777621712859	0.03475
0.009501241341582554	0.03565
0.007640348135920664	0.03655
0.008517911373309463	0.03745
0.008599901087173257	0.03835
0.00881116124989563	0.03925
0.00791474037831816	0.04015
0.0076269564826562455	0.04105
0.007382627135342141	0.04195
0.008292439660184033	0.04285
0.008089105169801826	0.04375
0.007558905020149297	0.04465
0.006960926707036033	0.04555
0.006991536200211848	0.04645
0.00718803821443874	0.04735
0.007150049647015182	0.04825
0.007439473336954371	0.04915
0.006962839800359522	0.05005
0.0071661742907417275	0.05095
0.007094023342541589	0.05185
0.0067319021063098365	0.05275
0.00701230692772401	0.05365
0.006488392656134372	0.05455
0.004097845898912378	0.05545
0.005256360555807775	0.05635
0.0056534640699547455	0.05725
0.00641378201651832	0.05815
0.005972950654977326	0.05905
0.006286424660983229	0.05995
0.006250622485929371	0.06085
0.0057354537838185385	0.06175
0.006070245115429028	0.06265
0.005616295399669826	0.06355
0.005341903157272332	0.06445
0.005647998089030493	0.06535
0.005467074120437723	0.06625
0.005769342865548907	0.06715
0.005609189624468297	0.06805
0.005412960909287619	0.06895
0.005455048962404366	0.06985
0.00597131086070005	0.07075
0.0049191095327813725	0.07165
0.005421433179720212	0.07255
0.005726708214339734	0.07345
0.00435857318899924	0.07435
0.004814982596174355	0.07525
0.005382078117065591	0.07615
0.004320038023483257	0.07705
0.004852151266459275	0.07795
0.0048835806567737285	0.07885
0.005276857984273723	0.07975
0.004856524051198677	0.08065
0.0058275555623921995	0.08155
0.005489757941273372	0.08245
0.003921568014105223	0.08335
0.0038636286163081426	0.08425
0.004669860802635441	0.08515
0.004540863652823073	0.08605
0.004125175803533642	0.08695
0.0038868590352362175	0.08785
0.003364584557923855	0.08875
0.0040962061046351025	0.08965
0.004364039169923493	0.09055
0.004937967166970044	0.09145
0.004069422798106263	0.09235
0.004761415983116677	0.09325
0.003988799579473533	0.09415
0.004430724137199378	0.09505
0.004288062035076378	0.09595
0.004683799053992286	0.09685
0.004333429676747677	0.09775
0.004539223858545798	0.09865
0.004416239287750108	0.09955
0.004022415362157689	0.1045
0.003737364456957901	0.1135
0.004075981975215367	0.1225
0.003219462764384942	0.1315
0.00331648392579043	0.1405
0.0032309413243258728	0.1495
0.0033973804434693725	0.1585
0.0030874593250642345	0.1675
0.002740369536374177	0.1765
0.0025026266960737984	0.1855
0.002406152132760735	0.1945
0.002595685021309204	0.2035
0.0021381004282353747	0.2125
0.002159253774412233	0.2215
0.0024643648296040284	0.2305
0.0022223585241827326	0.2395
0.0019318689679633137	0.2485
0.001825118360512655	0.2575
0.001908747868653724	0.2665
0.0020994012832916643	0.2755
0.001869146836857512	0.2845
0.0016061511646870853	0.2935
0.0019491687975885742	0.3025
0.002251218903462788	0.3115
0.001755208464491461	0.3205
0.0014652655063644674	0.3295
0.001564691699376627	0.3385
0.0014997558459965029	0.3475
0.0012981158097008145	0.3565
0.0009821821122789984	0.3655
0.0010846692546087398	0.3745
0.0008936332213061019	0.3835
0.0009700749645317785	0.3925
0.0009787385442967193	0.4015
0.000888659178665032	0.4105
0.0007671504227188906	0.4195
0.0006824823782022136	0.4285
0.00066381605334589	0.4375
0.0007965027402821285	0.4465
0.000915551804812356	0.4555
0.0011861178605628731	0.4645
0.001298990366648695	0.4735
0.0016044293806959456	0.4825
0.0014397393754482064	0.4915
0.001401040230504496	0.5005
0.0013370882536907374	0.5095
0.001427085629608561	0.5185
0.0014965309172511939	0.5275
0.001402871334114121	0.5365
0.001654415776248238	0.5455
0.0015913110264777386	0.5545
0.0012659485119615862	0.5635
0.0014426363453380604	0.5725
0.0013961208476726684	0.5815
0.0013356124388411892	0.5905
0.0011706491345472375	0.5995
0.001364035539647304	0.6085
0.0013573943728243368	0.6175
0.00138729328848	0.6265
0.0013132565768609948	0.6355
0.0012302283266215938	0.6445
0.0013470363389728778	0.6535
0.001251026384038376	0.6625
0.0012937703548660336	0.6715
0.0010461614189973783	0.6805
0.0012914199830686048	0.6895
0.0012160714360277788	0.6985
0.0012745301020126634	0.7075
0.0011819637150604408	0.7165
0.001246981558154429	0.7255
0.0012268940782577996	0.7345
0.0012507804148967846	0.7435
0.0011928683470043254	0.7525
0.0012170826424987655	0.7615
0.0010667681670818118	0.7705
0.0010846692546087398	0.7795
0.0009747483782220146	0.7885
0.001052201327918678	0.7975
0.0010843139658486634	0.8065
0.0009306925719725365	0.8155
0.0009172735888034958	0.8245
0.0009599355699172893	0.8335
0.0008948903969186802	0.8425
0.0008567651799720163	0.8515
0.0007576669458153119	0.8605
0.0007523102845095439	0.8695
0.0006713317771167378	0.8785
0.0006422800885043337	0.8875
0.0006872377816063136	0.8965
0.0006353656226351538	0.9055
0.0005051932869240717	0.9145
0.0005889321146836257	0.9235
0.00060199580909259	0.9325
0.000540585513408609	0.9415
0.0004475545180778252	0.9505
0.0004975135837254963	0.9595
0.0004182295304192085	0.9685
0.0003908176360840803	0.9775
0.00040740688818918775	0.9865
0.00039371460597393437	0.9955
0.0004364585768015918	1.045
0.0006295716828554458	1.135
0.0006284238268613526	1.225
0.00045783056221542054	1.315
0.0005781641322628475	1.405
0.00054968637164749	1.495
0.0004726980303293883	1.585
0.00047089425662438485	1.675
0.0004715501743352953	1.765
0.0003409952199595154	1.855
0.00034957681001059244	1.945
0.00039472581244492114	2.035
0.00041074113655298203	2.125
0.0004540043755684435	2.215
0.0006462702545790383	2.305
0.0005046466888316463	2.395
0.000309729809072789	2.485
0.0003171362132251516	2.575
0.00028816651432661143	2.665
0.00023337825453236273	2.755
0.000203252500668343	2.845
0.00019801609094290874	2.935
0.00017094855340600855	3.025
0.00016194881581422618	3.115
0.00013742569239756568	3.205
0.0001078711335401304	3.295
0.00010814716557680518	3.385
8.88686508569653e-05	3.475
9.336442016716329e-05	3.565
8.966121809098197e-05	3.655
8.225481393861933e-05	3.745
0.00010236689074940776	3.835
9.418158431533909e-05	3.925
0.00010232316290201375	4.015
0.00010818542744327496	4.105
9.167269907110703e-05	4.195
8.722065760830307e-05	4.285
6.601811760312618e-05	4.375
8.184486536930036e-05	4.465
7.033077655236169e-05	4.555
9.02843399163468e-05	4.645
9.724526662338283e-05	4.735
8.114248682053388e-05	4.825
7.928678629675001e-05	4.915
7.794762097030807e-05	5.005
6.19158989194744e-05	5.095
6.469261722899485e-05	5.185
7.226026781862295e-05	5.275
6.228211964139934e-05	5.365
7.775904462842135e-05	5.455
5.2273908569092336e-05	5.545
4.921295925151073e-05	5.635
5.294622422277544e-05	5.725
5.4976836136135376e-05	5.815
4.302273585479435e-05	5.905
5.564368580889423e-05	5.995
4.589510883048923e-05	6.085
6.397384073745561e-05	6.175
4.611374806745935e-05	6.265
4.176282725175406e-05	6.355
4.974589239162538e-05	6.445
5.000279349506527e-05	6.535
4.897792207176785e-05	6.625
4.091286721803274e-05	6.715
3.294620002093418e-05	6.805
4.188854481301187e-05	6.895
4.1590648852640094e-05	6.985
3.9171952293658204e-05	7.075
2.8144335778978034e-05	7.165
2.5984453416759515e-05	7.255
2.8390304920569413e-05	7.345
3.171088833205303e-05	7.435
3.702655478088895e-05	7.525
2.8472294634433206e-05	7.615
3.208804101582648e-05	7.705
2.4855728355901296e-05	7.795
2.6658682163766102e-05	7.885
3.0628624109050965e-05	7.975
2.9070819545638897e-05	8.065
2.857888126245614e-05	8.155
2.7567674791469354e-05	8.245
2.0517105997275576e-05	8.335
2.2702951768884304e-05	8.425
2.4765539670651125e-05	8.515
2.2701038675560813e-05	8.605
2.97021403423901e-05	8.695
2.2589805963752267e-05	8.785
2.786283776137901e-05	8.875
2.7717989266886307e-05	8.965
2.5217576293086835e-05	9.055
2.4045669982927018e-05	9.145
2.440560482678907e-05	9.235
2.2857092430948232e-05	9.325
1.669228584552963e-05	9.415
2.1980075791651858e-05	9.505
2.4995110869469743e-05	9.595
1.5915296657147086e-05	9.685
1.597651564349872e-05	9.775
1.9217022434442032e-05	9.865
2.078794535207231e-05	9.955
1.7594992595169992e-05	10.45
1.514240695445773e-05	11.35
1.380460812324684e-05	12.25
1.3967494354789574e-05	13.15
1.2201435918163471e-05	14.05
1.1713870419720115e-05	14.95
1.1513268919800036e-05	15.85
1.1451230036309767e-05	16.75
1.0235049280663502e-05	17.65
1.0991267741533886e-05	18.55
1.0614934954899077e-05	19.45
9.443301943785473e-06	20.35
8.799955989000911e-06	21.25
8.600994283358106e-06	22.15
9.88440660437268e-06	23.05
9.854343709289289e-06	23.95
9.362405426106532e-06	24.85
9.690090982515491e-06	25.75
8.712500294212864e-06	26.65
8.874020030524536e-06	27.55
8.74912236640536e-06	28.45
9.957104150665243e-06	29.35
8.895610655175335e-06	30.25
9.936606722199295e-06	31.15
9.575851981198606e-06	32.05
8.989898826118697e-06	32.95
9.964209925866771e-06	33.85
8.946444277770887e-06	34.75
9.007116666030093e-06	35.65
9.08637338943176e-06	36.55
1.012026368125419e-05	37.45
9.746117286989082e-06	38.35
1.084805904131846e-05	39.25
9.94043290884627e-06	40.15
8.07407372226013e-06	41.05
9.07708122186053e-06	41.95
9.054943999117306e-06	42.85
8.018867314925175e-06	43.75
8.601267582404318e-06	44.65
7.953275543834142e-06	45.55
8.75349515114476e-06	46.45
8.15169065138452e-06	47.35
7.610558539883485e-06	48.25
8.37087648644706e-06	49.15
8.504519720045043e-06	50.05
9.304192729263238e-06	50.95
7.3815339391572906e-06	51.85
8.513811887616273e-06	52.75
7.717691765998841e-06	53.65
7.446032514063474e-06	54.55
8.023786697757003e-06	55.45
8.214002833921003e-06	56.35
7.55726522587202e-06	57.25
8.503699822906405e-06	58.15
7.618757511269865e-06	59.05
8.61793882422329e-06	59.95
7.701567122272295e-06	60.85
7.520916452725739e-06	61.75
7.672324124327543e-06	62.65
8.422256707135036e-06	63.55
7.171366972619768e-06	64.45
7.007934142984606e-06	65.35
7.123812938578766e-06	66.25
6.998915274459588e-06	67.15
8.19295880736263e-06	68.05
7.084457875924146e-06	68.95
7.262102255962365e-06	69.85
6.539226278729923e-06	70.75
6.204161648073222e-06	71.65
7.2320393608789746e-06	72.55
7.054668279886968e-06	73.45
6.81607821254333e-06	74.35
6.884129675050279e-06	75.25
6.662210849525612e-06	76.15
6.176831743451957e-06	77.05
6.8783903950798134e-06	77.95
7.643354425429002e-06	78.85
6.594432686064876e-06	79.75
6.9428889699859965e-06	80.65
6.922664840566262e-06	81.55
6.662210849525612e-06	82.45
6.90490040256244e-06	83.35
6.638433832505113e-06	84.25
7.0830913806930835e-06	85.15
6.2336779450641865e-06	86.05
6.833296052454727e-06	86.95
5.542504657192412e-06	87.85
6.223019282261894e-06	88.75
6.499871216075301e-06	89.65
6.940702577616297e-06	90.55
5.919657340965859e-06	91.45
5.645538397614578e-06	92.35
6.864452143722969e-06	93.25
5.534305685806032e-06	94.15
6.726982723478009e-06	95.05
5.829741954761899e-06	95.95
5.831381749039176e-06	96.85
6.231491552694485e-06	97.75
5.57229425322959e-06	98.65
6.232038150786912e-06	99.55
5.450402878618751e-06	104.75
4.978415425809515e-06	114.25
4.4268979505524005e-06	123.75
3.953544002512101e-06	133.25
3.5843169910788207e-06	142.75
3.4104987976875794e-06	152.25
2.874832667110798e-06	161.75
2.516974895999962e-06	171.25
1.914323169196462e-06	180.75
1.595902450454111e-06	190.25
1.321756177198208e-06	199.75
9.983067560055444e-07	209.25
9.076807922814319e-07	218.75
7.181479037329635e-07	228.25
5.985522411103106e-07	237.75
5.071883699614239e-07	247.25
3.913915640811269e-07	256.75
3.198965335918993e-07	266.25
2.6461086953354363e-07	275.75
2.108256172388954e-07	285.25
1.7435659251228024e-07	294.75
1.297733191036117e-07	304.25
1.1870197474153748e-07	313.75
9.677792525435922e-08	323.25
8.187219527392164e-08	332.75
6.535400092082945e-08	342.25
5.1792902247758085e-08	351.75
3.119435313471114e-08	361.25
3.021047656834562e-08	370.75
2.9374181486934933e-08	380.25
3.071334681337689e-08	389.75
2.368546184001876e-08	399.25
3.515172332387022e-08	408.75
1.2572302723874031e-08	418.25
2.1259932804881545e-08	427.75
1.1702938457871611e-08	437.25
5.323865420222297e-09	446.75
6.506976991276832e-09	456.25
1.6697205228361462e-08	465.75
1.0438110471999497e-08	475.25
5.853792270828613e-09	484.75
2.693225450902496e-09	494.25
4.074888779030516e-09	503.75
