0.0168718408711636	0.10449999999999998
0.01658682899019163	0.10534291708827759
0.01630663174521068	0.10619263330782513
0.01603116780375274	0.10704920350174248
0.015760357207279297	0.10791268295550446
0.015494121347971485	0.10878312740052912
0.0152323829459136	0.10966059301777491
0.014975066026660157	0.11054513644136665
0.014722095899183874	0.11143681476225092
0.01447339913419425	0.11233568553188084
0.014228903542824191	0.11324180676593064
0.01398853815567546	0.11415523694804004
0.013752233202218172	0.11507603503358914
0.013519920090539386	0.11600426045350343
0.013291531387432125	0.11693997311808968
0.013067000798822519	0.11788323342090269
0.012846263150525845	0.11883410224264335
0.01262925436932926	0.11979264095508786
0.012415911464393022	0.12075891142504906
0.012206172508965944	0.1217329760183694
0.011999976622410693	0.12271489760394615
0.01179726395253126	0.12370473955778923
0.011597975658200432	0.12470256576711164
0.01140205389227977	0.12570844063445288
0.011209441784828106	0.12672242908183576
0.011020083426594654	0.12774459655495657
0.010833923852789555	0.1287750090274092
0.010650909027130069	0.12981373300494323
0.010470985826154803	0.13086083552975636
0.010294102023804267	0.1319163841848216
0.010120206276261015	0.13298044709824913
0.009949248107045902	0.1340530929476837
0.009781177892366929	0.13513439096473695
0.009615946846714353	0.13622441093945623
0.00945350700870043	0.13732322322482865
0.009293811227137096	0.1384308987413221
0.00913681314735001	0.13954750898146265
0.008982467197722995	0.14067312601444876
0.008830728576469826	0.14180782249080287
0.00868155323863018	0.1429516716470606
0.008534897883284194	0.1441047473104975
0.008390719940984063	0.14526712390389412
0.008248977561397244	0.1464388764503394
0.008109629601158429	0.14762008057807302
0.007972635611927384	0.14881081252536654
0.007837955828647524	0.1500111491454441
0.007705551158003903	0.15122116791144272
0.007575383167075122	0.15244094692141258
0.007447414072177917	0.15367056490335784
0.007321606727899537	0.15491010122031776
0.0071979246163154246	0.15615963587548923
0.007076331836389626	0.15741924951739025
0.006956793093553375	0.1586890234450653
0.00683927368946065	0.15996903961333261
0.006723739511915875	0.1612593806380736
0.006610157024972622	0.1625601298015654
0.006498493259198997	0.16387137105785596
0.006388715802107493	0.1651931890381827
0.006280792788747042	0.1665256690564349
0.006174692892453192	0.16786889711466008
0.006070385315755321	0.16922295990861475
0.005967839781436949	0.17058794483336007
0.005867026523747056	0.1719639399889026
0.00576791627976037	0.1733510341858805
0.005670480280882867	0.17474931695129553
0.005574690244501531	0.1761588785342916
0.005480518365774427	0.17757980991197933
0.005387937309560151	0.17901220279530852
0.005296920202483152	0.1804561496349868
0.005207440625133113	0.18191174362744716
0.005119472604396519	0.18337907872086293
0.005032990605917146	0.18485824962121145
0.004947969526684566	0.18634935179838663
0.004864384687747203	0.1878524814923609
0.004782211827049098	0.18936773571939694
0.004701427092387264	0.19089521227830905
0.004622007034488029	0.1924350097567757
0.004543928600200719	0.19398722753770256
0.004467169125805745	0.19555196580563672
0.004391706330436341	0.19712932555323337
0.00431751830961082	0.19871940858777365
0.004244583528874662	0.20032231753773586
0.004172880817549613	0.2019381558594194
0.00410238936258841	0.20356702784362196
0.004033088702533639	0.20520903862237103
0.003964958721578148	0.2068642941757089
0.0038979796437263272	0.20853290133853372
0.0038321320270534955	0.21021496780749405
0.003767396758062742	0.21191060214794058
0.0037037550461367875	0.21361991380093293
0.0036411884180835583	0.21534301309030313
0.003579678712774219	0.2170800112297769
0.0035192080758713233	0.21883102033015073
0.0034597589546464663	0.22059615340652883
0.003401314092885191	0.22237552438561659
0.0033438565258779654	0.22416924811307426
0.0032873695754960575	0.22597744036092934
0.0032318368453501754	0.2278002178350485
0.0031772422160313276	0.22963769818267077
0.0031235698404316514	0.23149000000000003
0.0030708039998159488	0.23335715002166438
0.003018929521992832	0.23523936008567783
0.002967931349348915	0.2371367516631986
0.002917794678636087	0.23904944720514576
0.0028685049566745226	0.2409775701501021
0.002820047876128352	0.24292124493228007
0.002772409371352692	0.2448805969895527
0.002725575614310717	0.24685575277154853
0.0026795330105599305	0.2488468397478126
0.002634268195306011	0.2508539864160325
0.002589768029523434	0.25287732231033155
0.0025460195961416287	0.2549169780096281
0.0025030101962954486	0.2569730851460629
0.002460727345639201	0.25904577641349397
0.0024191587707227268	0.2611351855760604
0.0023782924054288053	0.26324144747681494
0.00233811638747074	0.2653646980464261
0.0022986190549490145	0.2675050743119509
0.0022597889429663057	0.26966271440567796
0.002221614780299489	0.27183775757404216
0.002184085486127975	0.274030344186611
0.002147190166817208	0.27624061574514364
0.002110918112756674	0.2784687148927228
0.002075258795251152	0.2807147854229608
0.0020402018634645617	0.28297897228927893
0.002005737141415445	0.28526142161426266
0.0019718546250231117	0.28756228069909173
0.0019385444792038567	0.2898816980330463
0.0019057970350160605	0.2922198233030904
0.0018736027868536	0.2945768074035315
0.0018419523896866718	0.29695280244575933
0.001810836656349145	0.2993479617680621
0.001780246554871895	0.30176243994552304
0.0017501732058610299	0.30419639279999516
0.0017206078799204966	0.3066499774101586
0.0016915419951181426	0.3091233521216569
0.0016629671144947201	0.31161667655731684
0.0016348749436148333	0.3141301116274493
0.0016072573281593237	0.3166638195402343
0.0015801062515583292	0.3192179638121893
0.0015534138326642603	0.32179270927872167
0.001527172323464216	0.32438822210476687
0.0015013741068309145	0.3270046697955119
0.0014760116943116827	0.3296422212072059
0.0014510777239547918	0.3323010465580569
0.0014265649581724565	0.33498131743921794
0.001402466281640049	0.33768320682586
0.001378774699230686	0.34040688908833616
0.001355483333984764	0.34315254000343387
0.0013325854251137936	0.34592033676571987
0.0013100743260379	0.3487104579989751
0.001287943502456586	0.3515230837677226
0.001266186530451975	0.35435839558884846
0.00124479709462415	0.3572165764433159
0.0012237689862579922	0.3600978107879744
0.0012030961015209354	0.363002284567464
0.0011827724396912657	0.36593018522621534
0.001162792101416252	0.36888170172054663
0.001143149286999758	0.37185702453085856
0.0011238382947187256	0.3748563456739266
0.0011048535191681929	0.37787985871529384
0.0010861894496341732	0.38092775878176227
0.0010678406684940694	0.3840002425739862
0.0010498018496441078	0.38709750837916623
0.0010320677569532945	0.39021975608384624
0.0010146332427435755	0.3933671871868131
0.0009974932462955839	0.39654000481210105
0.0009806427923796728	0.39973841372210017
0.0009640769898117631	0.4029626203307713
0.0009477910300335459	0.4062128327169674
0.0009317801857167497	0.4094892606378616
0.000916039809390907	0.4127921155424852
0.000900565332094346	0.41612161058537267
0.0008853522620479288	0.4194779606403188
0.0008703961833512662	0.42286138231424547
0.000855692754700884	0.42627209396118076
0.0008412377081300789	0.4297103156963508
0.0008270268477700628	0.4331762694103853
0.0008130560486319992	0.4366701787836372
0.0007993212554096836	0.4401922693006186
0.0007858184813023812	0.44374276826455283
0.000772543806857585	0.4473219048120432
0.0007594933788333209	0.45092990992786136
0.0007466634090796429	0.45456701645985376
0.0007340501734390828	0.45823345913396885
0.0007216500106656134	0.46192947456940586
0.0007094593213619043	0.46565530129388494
0.0006974745669345304	0.46941117975904106
0.0006856922685668003	0.47319735235594196
0.0006741090062089942	0.47701406343073094
0.000662721417585603	0.4808615593003965
0.0006515261972193702	0.4847400882686685
0.0006405200954717895	0.4886499006420428
0.0006296999175998643	0.4925912487459353
0.0006190625228287471	0.4965643869409659
0.0006086048234400714	0.5005695716393743
0.0005983237838756851	0.5046070613215679
0.0005882164198564974	0.5086771165528027
0.0005782797975162626	0.51278
0.0005685111421418337	0.5169160988205536
0.0005589075048576689	0.5210855595379311
0.0005494660980774451	0.5252886512501904
0.000540184181304454	0.5295256452259424
0.0005310590603361172	0.5337968149218586
0.0005220880864819846	0.5381024360003202
0.0005132686557949017	0.5424427863472095
0.0005045982083151663	0.5468181460898448
0.0004960742273274915	0.5512287976150593
0.0004876942386304766	0.5556750255874271
0.0004794558098184458	0.5601571169676355
0.000471356549575393	0.5646753610310048
0.00046339410698089376	0.5692300493861591
0.00045556617082770275	0.5738214759938461
0.00044787046895090204	0.5784499371859099
0.0004403047675683595	0.583115731684416
0.0004328668706323658	0.5878191606209309
0.00042555461919218973	0.5925605275559577
0.00041836589076740344	0.5973401384985272
0.00041129859873182485	0.6021583019259484
0.0004043506917078315	0.6070153288037176
0.00039752015297092754	0.6119115326055877
0.0003908049998643485	0.6168472293338009
0.00038420328322358836	0.6218227375394821
0.00037771308681061453	0.6268383783432
0.0003713325267576601	0.6318944754556909
0.0003650597510203935	0.6369913551987514
0.00035889293884035586	0.6421293465263
0.00035283030021644854	0.6473087810456071
0.0003468700753853672	0.6525299930386971
0.00034101053431079514	0.6577933194839235
0.0003352499761812535	0.6630991000777171
0.00032958672891640937	0.6684476772565102
0.00032401914868172355	0.673839396218838
0.0003185456194113212	0.6792746049476169
0.00031316455233889657	0.6847536542326044
0.0003078743855365565	0.6902768976930381
0.00030267358346143975	0.6958446918004596
0.0002975606365100203	0.70145739590172
0.0002925340605799163	0.7071153722421734
0.0002875923966391021	0.7128189859890554
0.00028273421030241885	0.7185686052550516
0.00027795809141521543	0.7243646011220555
0.00027326265364403584	0.7302073476651182
0.00026864653407420873	0.7360972219765913
0.00026410839281425594	0.7420346041904651
0.00025964691260696205	0.7480198775069012
0.0002552607984470267	0.7540534282169657
0.00025094877720516337	0.7601356457275601
0.0002467095972585691	0.7662669225865533
0.00024254202812761512	0.772447654508117
0.00023844486011868782	0.7786782403982656
0.00023441690397305083	0.7849590823806011
0.00023045699052165816	0.7912905858222665
0.0002265639703457809	0.7976731593601085
0.00022273671344336766	0.8041072149270507
0.00021897410890105704	0.8105931677786798
0.00021527506457171247	0.8171314365200468
0.00021163850675741524	0.8237224431326835
0.00020806337989780232	0.8303666130018371
0.00020454864626368583	0.8370643749439253
0.0002010932856558311	0.8438161612342115
0.0001976962951088335	0.8506224076347046
0.0001943566885999873	0.8574835534222829
0.00019107349676308926	0.8644000414170447
0.00018784576660706165	0.871372318010889
0.00018467256123932933	0.878400833196325
0.000181552959593883	0.885486040595515
0.0001784860561639212	0.8926283974895509
0.0001754709607390176	0.8998283648479681
0.00017250679814671957	0.9070864073584957
0.0001695927079985261	0.914402993457048
0.0001667278444401426	0.9217785953579575
0.00016391137590596292	0.9292136890844515
0.00016114248487769076	0.9367087544993749
0.0001584203676470521	0.9442642753361608
0.00015574423408250352	0.9518807392300505
0.00015311330739988226	0.9595586377495657
0.00015052682393694168	0.967298466428235
0.00014798403293168276	0.9751007247965744
0.00014548419630443766	0.9829659164143286
0.00014302658844362728	0.9908945489029704
0.00014061049599514992	0.9988871339784618
0.00013823521765531568	1.006944187484282
0.00013590006396728573	1.0150662294247186
0.00013360435712094393	1.023253783998429
0.00013134743075615956	1.0315073796322738
0.0001291286297693641	1.0398275490154194
0.00012694731012339523	1.0482148291337192
0.0001248028386605627	1.0566697613043707
0.00012269459291886157	1.0651928912108524
0.00012062196095129587	1.0737847689381415
0.00011858434114824908	1.082445949008217
0.00011658114206286452	1.09117699041585
0.00011461178223936592	1.0999784566646782
0.00011267569004428377	1.108850915803578
0.00011077230350052749	1.117794940463325
0.00010890107012426925	1.1268111078935505
0.00010706144676457534	1.1359
0.00010525290329739755	1.1450620978365977
0.00010347491078550393	1.1542980965771197
0.00010172695314460413	1.1636085923016009
0.00010000852300840268	1.1729941858980206
9.8319121581327e-05	1.1824554831010825
9.665825849374354e-05	1.1919930945313086
9.502545165962664e-05	1.201607635734447
9.342022713662403e-05	1.2112997272211994
9.184211898849063e-05	1.2210699945072676
9.029066914984192e-05	1.2309190681537239
8.876542729319919e-05	1.2408475838077058
8.726595069827425e-05	1.2508561822434416
8.57918041234622e-05	1.2609455094036033
8.43425596795115e-05	1.2711162164409961
8.291779670532104e-05	1.2813689597605828
8.151710164583925e-05	1.291704401061847
8.01400679320222e-05	1.302123207381499
7.878629586282578e-05	1.3126260511365249
7.74553924891855e-05	1.323213610167584
7.614697149995638e-05	1.3338865677827554
7.486065310978508e-05	1.3446456128016384
7.359606394887064e-05	1.355491439599808
7.23528369545875e-05	1.366424748153628
7.113061126494463e-05	1.3774462440854285
6.992903211383844e-05	1.388556638709044
6.874775072807882e-05	1.3997566490757223
6.758642422615102e-05	1.4110469980204006
6.644471551869355e-05	1.4224284142083576
6.532229321065199e-05	1.4339016321822406
6.421883150508605e-05	1.4454673924094712
6.313401010860607e-05	1.4571264413300342
6.206751413840233e-05	1.4688795314046528
6.101903403084494e-05	1.4807274211633512
5.9988265451632195e-05	1.4926708752544082
5.897490920745174e-05	1.5047106644937085
5.7978671159137035e-05	1.516847565914488
5.699926213628792e-05	1.5290823628174848
5.603639785333815e-05	1.5414158448214903
5.508979882703661e-05	1.5538488079143125
5.415919029532245e-05	1.5663820545041458
5.324430213757477e-05	1.5790163934713597
5.234486879620493e-05	1.5917526402207007
5.1460629199576086e-05	1.6045916167339194
5.059132668622217e-05	1.6175341516228188
4.973670893035136e-05	1.630581080182733
4.8896527868604026e-05	1.6437332444464354
4.807053962804813e-05	1.6569914932384828
4.7258504455394524e-05	1.6703566822299973
4.6460186647404325e-05	1.6838296739938903
4.567535448247205e-05	1.6974113380605325
4.490378015336783e-05	1.7111025509738709
4.414523970111204e-05	1.7249041963480012
4.339951294996914e-05	1.738817164924195
4.2666383443537556e-05	1.7528423546283867
4.194563838192268e-05	1.7669806706291242
4.1237068559967936e-05	1.7812330253959885
4.0540468306529475e-05	1.7956003387584827
3.9855635424779536e-05	1.8100835379653966
3.918237113351535e-05	1.82468355774465
3.8520480009459464e-05	1.83940134036362
3.786976993053765e-05	1.8542378356899523
3.723005202011183e-05	1.8691940012528652
3.66011405921569e-05	1.8842708023049477
3.598285309736187e-05	1.8994692118844552
3.537501007014449e-05	1.9147902108781085
3.4777435076558225e-05	1.9302347880843986
3.418995466307926e-05	1.9458039402774034
3.3612398306261226e-05	1.9614986722711167
3.3044598363237747e-05	1.9773199969843
3.248639002306125e-05	1.9932689355058526
3.193761125886622e-05	2.0093465171607128
3.139810278083771e-05	2.0255537795762897
3.086770798997614e-05	2.0418917687494287
3.034627293264144e-05	2.0583615391139203
2.983364625586761e-05	2.0749641536085517
2.9329679163429912e-05	2.091700683745707
2.8834225372654196e-05	2.108572209680523
2.8347141071958007e-05	2.125579820280597
2.7868284879106753e-05	2.142724613196266
2.7397517800175078e-05	2.1600076949314455
2.6934703189203572e-05	2.1774301809150414
2.6479706708534634e-05	2.1949931955729376
2.6032396289819774e-05	2.2126978724005686
2.559264209568427e-05	2.23054535403607
2.5160316482041586e-05	2.2485367923340247
2.47352939610424e-05	2.2666733484398036
2.4317451164649637e-05	2.2849561928645015
2.3906666808830585e-05	2.3033865055604825
2.3502821658351895e-05	2.3219654759975317
2.3105798492170462e-05	2.3406943032396237
2.271548206940783e-05	2.3595741960223053
2.233175909590123e-05	2.378606372830711
2.1954518191317967e-05	2.397792061978198
2.1583649856825392e-05	2.417132501685621
2.1219046443308568e-05	2.4366289401612478
2.0860602120123245e-05	2.4562826356813137
2.050821284437672e-05	2.4760948566712324
2.016177633072911e-05	2.496066881787456
1.982119202170308e-05	2.5162
1.965306795836392e-05	2.526327617614551
1.9486369929374235e-05	2.5364959985382773
1.9321085839059724e-05	2.546705306842083
1.9157203694341393e-05	2.5569557072572504
1.899471160386645e-05	2.5672473651781016
1.8833597777144832e-05	2.5775804466646637
1.8673850523693828e-05	2.587955118445351
1.851545825218998e-05	2.598371547919651
1.835840946962739e-05	2.6088299031608324
1.8202692780484712e-05	2.6193303529186496
1.804829688589767e-05	2.62987306662207
1.7895210582839497e-05	2.6404582143820083
1.7743422763307475e-05	2.6510859669940667
1.7592922413517798e-05	2.661756495941296
1.7443698613105824e-05	2.67246997339696
1.7295740534333978e-05	2.683226572227313
1.7149037441305517e-05	2.6940264659943907
1.7003578689186393e-05	2.70486982895881
1.6859353723432275e-05	2.7157568360825803
1.6716352079022858e-05	2.726687663031928
1.6574563379702652e-05	2.7376624861801284
1.6433977337227526e-05	2.748681482610354
1.6294583750619024e-05	2.7597448301185312
1.615637250542361e-05	2.770852707216208
1.6019333572979047e-05	2.7820052931334365
1.5883457009686164e-05	2.793202767821662
1.5748732956288168e-05	2.804445311956629
1.5615151637154692e-05	2.815733106941295
1.5482703359572745e-05	2.8270663349087597
1.53513785130429e-05	2.8384451787252
1.522116756858271e-05	2.8498698219928236
1.5092061078034771e-05	2.861340449052832
1.4964049673381422e-05	2.8728572449883916
1.4837124066064483e-05	2.8844203956276235
1.4711275046312032e-05	2.8960300875466003
1.4586493482469646e-05	2.907686508072356
1.4462770320337914e-05	2.919389845285911
1.4340096582515596e-05	2.9311402880253037
1.4218463367747735e-05	2.9429380258886395
1.409786185028049e-05	2.95478324923715
1.3978283279220264e-05	2.966676149198264
1.3859718977898973e-05	2.9786169176686914
1.3742160343243999e-05	2.99060574731752
1.3625598845154633e-05	3.002642831589323
1.351002602588268e-05	3.0147283647072824
1.3395433499418973e-05	3.0268625416763215
1.3281812950884452e-05	3.0390455582862517
1.3169156135927484e-05	3.051277611114932
1.3057454880125216e-05	3.063558897531438
1.2946701078390653e-05	3.075889615699252
1.2836886694384116e-05	3.0882699645794567
1.2728003759930766e-05	3.1007001439339454
1.2620044374442009e-05	3.1131803543286467
1.2513000704342321e-05	3.1257107971367595
1.2406864982500954e-05	3.1382916745420038
1.2301629507667932e-05	3.150923189541881
1.2197286643915869e-05	3.1636055459509507
1.2093828820085486e-05	3.1763389484041205
1.1991248529236344e-05	3.189123602359944
1.1889538328102248e-05	3.201959714103939
1.1788690836550759e-05	3.2148474907519176
1.1688698737048275e-05	3.227787140253322
1.1589554774128783e-05	3.2407788713945873
1.1491251753867101e-05	3.253822893802505
1.1393782543357467e-05	3.266919417947606
1.1297140070195589e-05	3.2800686551475606
1.1201317321965555e-05	3.293270817570584
1.1106307345731122e-05	3.306526118238859
1.1012103247530814e-05	3.3198347710319798
1.0918698191878264e-05	3.3331969906903938
1.0826085401265857e-05	3.3466129928188755
1.0734258155673128e-05	3.3600829938899976
1.06432097920788e-05	3.3736072112476303
1.0552933703977848e-05	3.387185863110443
1.0463423340901772e-05	3.4008191685754277
1.0374672207943469e-05	3.4145073476214374
1.0286673865285613e-05	3.428250621112728
1.0199421927733896e-05	3.4420492108025287
1.0112910064253373e-05	3.4559033393366185
1.0027131997509166e-05	3.469813230256916
9.942081503411056e-06	3.4837791080050886
9.857752410661538e-06	3.4978011979261754
9.77413860030852e-06	3.511879726272219
9.691234005301001e-06	3.5260149202059203
9.609032610048998e-06	3.5402070078043018
9.527528449986748e-06	3.554456218062388
9.446715611140382e-06	3.568762780896901
9.366588229698493e-06	3.583126927149967
9.287140491586808e-06	3.597548888592848
9.208366632046016e-06	3.6120288979296746
9.130260935213924e-06	3.6265671888012028
9.052817733710417e-06	3.6411639957885877
8.9760314082263e-06	3.655819554417161
8.899896387115634e-06	3.6705341011602406
8.82440714599116e-06	3.685307873442937
8.749558207323892e-06	3.7001411096459913
8.67534414004537e-06	3.715034049109618
8.601759559153715e-06	3.7299869321373653
8.528799125322627e-06	3.745
8.456454908681108e-06	3.7600728735981996
8.384724340644039e-06	3.7752064124883904
8.313602216032385e-06	3.7904008608362
8.24308337381896e-06	3.8056564637899757
8.173162696754394e-06	3.820973467484736
8.103835110995595e-06	3.836352119046144
8.035095585737356e-06	3.851792666594492
7.966939132847758e-06	3.867295359248711
7.89936080650568e-06	3.882860447130383
7.832355702842354e-06	3.898488181367778
7.765918959585324e-06	3.914178814099908
7.700045755705405e-06	3.9299325984805966
7.634731311067242e-06	3.945749788682557
7.569970886082238e-06	3.9616306399014984
7.505759781364428e-06	3.9775754083602397
7.4420933373899165e-06	3.993584351312849
7.378966934158244e-06	4.009657727048786
7.316375990857576e-06	4.0257957948970775
7.254315965532101e-06	4.041998815230493
7.192782354752268e-06	4.058267049469757
7.131770693288404e-06	4.074600760087754
7.071276553786218e-06	4.091000210613769
7.011295546445946e-06	4.107465665637744
6.951823318703613e-06	4.123997390814541
6.892855554915025e-06	4.140595652868226
6.8343879760429435e-06	4.157260719596381
6.776416339346395e-06	4.173992859874414
6.718936438072636e-06	4.190792343659907
6.661944101152269e-06	4.207659441996967
6.605435192896129e-06	4.2245944270205955
6.549405612695555e-06	4.241597571961086
6.493851294724664e-06	4.258669151148429
6.4387682076451524e-06	4.275809440016737
6.384152354314126e-06	4.293018715108689
6.329999771493631e-06	4.310297254079995
6.276306529563418e-06	4.327645335703869
6.223068732235634e-06	4.345063239875539
6.170282516271928e-06	4.362551247616747
6.117944051203474e-06	4.380109641080296
6.066049539052606e-06	4.397738703554598
6.014595214057559e-06	4.41543871946824
5.963577342399061e-06	4.433209974394579
5.912992221929236e-06	4.451052755056349
5.862836181903298e-06	4.468967349330281
5.813105582712793e-06	4.48695404625176
5.763796815621824e-06	4.505013136019472
5.714906302505035e-06	4.5231449100000996
5.666430495587826e-06	4.541349660733014
5.618365877189184e-06	4.559627681935005
5.57070895946628e-06	4.577979268505008
5.523456284161229e-06	4.596404716528867
5.476604422350473e-06	4.614904323284115
5.430149974195579e-06	4.633478387244768
5.384089568696856e-06	4.652127208086138
5.338419863448591e-06	4.67085108668967
5.29313754439638e-06	4.689650325147797
5.248239325596945e-06	4.708525226768813
5.203721948979341e-06	4.727476096081769
5.1595821841088305e-06	4.746503238841382
5.115816827952342e-06	4.76560696203297
5.0724227046459085e-06	4.784787573877408
5.029396665264457e-06	4.8040453838360975
4.98673558759319e-06	4.823380702615958
4.944436375900886e-06	4.8427938421744425
4.902495960715549e-06	4.86228511572457
4.860911298601339e-06	4.881854837739984
4.819679371938011e-06	4.901503323960014
4.778797188701815e-06	4.921230891394781
4.7382617822482625e-06	4.941037858330308
4.698070211097122e-06	4.960924544333654
4.6582195587186555e-06	4.9808912702580725
4.6187069333222545e-06	5.000938358248186
4.579529467646474e-06	5.021066131745184
4.54068431875086e-06	5.041274915492045
4.502168667809904e-06	5.061565035538771
4.463979719908204e-06	5.081936819247646
4.426114703837905e-06	5.1023905952985285
4.388570871897491e-06	5.1229266936941436
4.351345499692292e-06	5.14354544576541
4.314435885936999e-06	5.16424718417679
4.277839352259538e-06	5.1850322429316495
4.241553243006605e-06	5.205900957377658
4.205574925051204e-06	5.226853664212183
4.169901787601291e-06	5.247890701487739
4.1345312420105655e-06	5.26901240861743
4.0994607215905145e-06	5.290219126380428
4.064687681424064e-06	5.311511196927481
4.030209598181141e-06	5.332888963786416
3.996023969935288e-06	5.354352771867692
3.962128315982361e-06	5.37590296746997
3.928520176660393e-06	5.397539898285687
3.895197113171027e-06	5.419263913406675
3.862156707402733e-06	5.441075363329789
3.829396561755234e-06	5.462974599962564
3.7969142989654304e-06	5.484961976628895
3.764707561935117e-06	5.507037848074733
3.7327740135596822e-06	5.529202570473805
3.701111336558735e-06	5.551456501433375
3.6697172333078557e-06	5.573799999999999
3.6385895878564873e-06	5.596234381107025
3.6077259764572076e-06	5.618759059938341
3.5771241594937928e-06	5.641374399939634
3.546781916347148e-06	5.664080766019447
3.516697045234018e-06	5.686878524555069
3.486867363047455e-06	5.709768043398448
3.457290705198162e-06	5.732749691882122
3.4279649254576555e-06	5.755823840825189
3.3988878958022952e-06	5.778990862539275
3.3700575062590887e-06	5.802251130834554
3.3414716647523578e-06	5.825605021025772
3.31312829695215e-06	5.849052909938307
3.2850253461234954e-06	5.87259517591425
3.2571607729773743e-06	5.896232198818505
3.2295325555225255e-06	5.919964360044923
3.2021386889189303e-06	5.943792042522452
3.174977185332122e-06	5.967715630721321
3.1480460737891466e-06	5.991735510659236
3.12134340003536e-06	6.0158520699076155
3.0948672263926922e-06	6.040065697597843
3.068615631619094e-06	6.064376784427543
3.042586710769067e-06	6.088785722666884
3.0167785750553853e-06	6.113292906164915
2.991189351712084e-06	6.137898730355912
2.9658171838586346e-06	6.162603592265763
2.9406602303650335e-06	6.187407890518376
2.91571666571839e-06	6.212312025342105
2.8909846798902663e-06	6.237316398576215
2.8664624782055284e-06	6.262421413677359
2.8421482812119196e-06	6.287627475726093
2.8180403245511263e-06	6.312934991433409
2.7941368588305625e-06	6.3383443691473
2.7704361494966048e-06	6.363856018859348
2.7469364767085465e-06	6.3894703522113385
2.7236361352139774e-06	6.415187782501903
2.7005334342248607e-06	6.441008724693187
2.677626697295022e-06	6.466933595417548
2.6549142621983193e-06	6.492962812984275
2.632394480808199e-06	6.519096797386339
2.6100657189779277e-06	6.545335970307175
2.587926356422182e-06	6.571680755127476
2.5659747865992994e-06	6.5981315769320315
2.5442094165948725e-06	6.624688862516584
2.5226286670059895e-06	6.651353040394722
2.5012309718267915e-06	6.67812454080478
2.480014778334671e-06	6.705003795716795
2.458978546977761e-06	6.73199123883947
2.4381207512630567e-06	6.759087305627169
2.4174398776458064e-06	6.786292433286952
2.3969344254195195e-06	6.81360706078562
2.3766029066072303e-06	6.841031628856807
2.3564438458533613e-06	6.868566580008084
2.3364557803168226e-06	6.896212358528102
2.316637259564706e-06	6.923969410493762
2.2969868454671876e-06	6.951838183777411
2.2775031120930183e-06	6.979819128054068
2.2581846456062002e-06	7.00791269480868
2.2390300441632455e-06	7.036119337343414
2.2200379178115958e-06	7.064439510784957
2.2012068883886172e-06	7.09287367209187
2.1825355894217374e-06	7.121422280061961
2.164022666029144e-06	7.150085795339684
2.14566677482161e-06	7.1788646804235725
2.127466583804872e-06	7.207759399673704
2.109420772283109e-06	7.236770419319192
2.091528030762972e-06	7.265898207465709
2.073787060858697e-06	7.295143234103036
2.0561965751977507e-06	7.324505971112651
2.0387552973275474e-06	7.353986892275345
2.02146196162269e-06	7.383586473278856
2.004315313193263e-06	7.413305191725556
1.9873141077936386e-06	7.4431435271401485
1.9704571117323205e-06	7.473101960977414
1.9537431017822896e-06	7.503180976629971
1.9371708650923706e-06	7.533381059436081
1.920739199099093e-06	7.5637026966874785
1.9044469114395552e-06	7.594146377637228
1.888292819864772e-06	7.624712593507631
1.872275752154014e-06	7.655401837498137
1.8563945460296176e-06	7.686214604793314
1.8406480490727696e-06	7.717151392570829
1.8250351186397591e-06	7.7482127000094785
1.809554621779183e-06	7.7793990282972345
1.7942054351496138e-06	7.810710880639342
1.778986444938202e-06	7.842148762266428
1.7638965467797497e-06	7.873713180442658
1.7489346456766176e-06	7.905404644473921
1.734099655919295e-06	7.93722366571605
1.7193905010075843e-06	7.969170757583066
1.7048061135724592e-06	8.001246435555467
1.6903454352986383e-06	8.033451217188551
1.6760074168478166e-06	8.065785622120751
1.661791017782492e-06	8.098250172082038
1.6476952064904394e-06	8.130845390902325
1.6337189601098785e-06	8.163571804519929
1.6198612644552908e-06	8.19642994099005
1.606121113943731e-06	8.229420330493298
1.592497511521964e-06	8.262543505344242
1.5789894685940074e-06	8.2958
1.5681061537511709e-06	8.322897814809057
1.5572978530514709e-06	8.350084143271703
1.5465640494537279e-06	8.377359274513346
1.5359042294805362e-06	8.404723498603813
1.5253178831936758e-06	8.432177106560431
1.5148045041697178e-06	8.459720390351114
1.5043635894757984e-06	8.487353642897478
1.4939946396455597e-06	8.51507715807796
1.4836971586552572e-06	8.542891230730918
1.4734706539000306e-06	8.570796156657806
1.4633146361703514e-06	8.598792232626284
1.4532286196285716e-06	8.626879756373393
1.4432121217857552e-06	8.65505902660872
1.4332646634785498e-06	8.683330343017564
1.4233857688462745e-06	8.711694006264143
1.413574965308158e-06	8.740150317994768
1.403831783540731e-06	8.76869958084107
1.3941557574553745e-06	8.797342098423206
1.3845464241760354e-06	8.8260781753531
1.3750033240170372e-06	8.854908117237665
1.3655260004611592e-06	8.883832230682073
1.3561140001377521e-06	8.912850823293006
1.3467668728010605e-06	8.941964203681918
1.3374841713086857e-06	8.971172681468339
1.3282654516001938e-06	9.000476567283151
1.319110272675875e-06	9.02987617277189
1.3100181965756452e-06	9.059371810598082
1.3009887883580975e-06	9.088963794446531
1.2920216160797038e-06	9.118652439026697
1.2831162507741114e-06	9.148438060076014
1.2742722664316846e-06	9.17832097436325
1.2654892399790846e-06	9.208301499691897
1.256766751259039e-06	9.238379954903525
1.248104383010245e-06	9.268556659881186
1.2395017208474072e-06	9.298831935552817
1.2309583532414154e-06	9.32920610389465
1.222473871499667e-06	9.35967948793463
1.2140478697464775e-06	9.390252411755862
1.2056799449037234e-06	9.420925200500054
1.1973696966715205e-06	9.451698180370968
1.1891167275090848e-06	9.4825716786379
1.180920642615714e-06	9.513546023639147
1.1727810499119038e-06	9.544621544785512
1.1646975600205879e-06	9.575798572563803
1.1566697862485154e-06	9.60707743854034
1.1486973445677493e-06	9.638458475364498
1.1407798535973067e-06	9.669942016772225
1.1329169345848763e-06	9.701528397589604
1.1251082113887558e-06	9.733217953736412
1.1173533104598226e-06	9.765011022229693
1.1096518608236703e-06	9.796907941187332
1.1020034940628657e-06	9.828909049831667
1.094407844299322e-06	9.86101468849309
1.0868645481767979e-06	9.893225198613653
1.0793732448435234e-06	9.925540922750725
1.0719335759349027e-06	9.95796220458062
1.0645451855564234e-06	9.990489388902242
1.0572077202665975e-06	10.023122821640774
1.0499208290600607e-06	10.055862849851348
1.0426841633507824e-06	10.088709821722725
1.0354973769553897e-06	10.121664086581006
1.0283601260766077e-06	10.154725994893367
1.0212720692868114e-06	10.187895898271746
1.014232867511703e-06	10.221174149476607
1.0072421840140571e-06	10.254561102420707
1.000299684377662e-06	10.288057112172819
9.934050364912892e-07	10.321662534961536
9.86557910532814e-07	10.355377728179066
9.797579789534382e-07	10.389203050385008
9.730049164620201e-07	10.423138861310175
9.662984000095142e-07	10.45718552186044
9.596381087735171e-07	10.491343394120541
9.530237241429287e-07	10.525612841357948
9.464549297026772e-07	10.55999422802674
9.399314112186326e-07	10.594487919771455
9.334528566225409e-07	10.629094283430986
9.270189559971044e-07	10.663813687042506
9.206294015611562e-07	10.698646499845344
9.142838876549359e-07	10.733593092284933
9.079821107254683e-07	10.768653836016766
9.017237693120425e-07	10.803829103910306
8.955085640317896e-07	10.839119270052992
8.893361975653695e-07	10.874524709754184
8.832063746427183e-07	10.910045799549195
8.771188020289672e-07	10.945682917203253
8.710731885103852e-07	10.981436441715537
8.650692448804564e-07	11.017306753323226
8.591066839260441e-07	11.053294233505506
8.531852204136522e-07	11.089399264987643
8.473045710757867e-07	11.125622231745082
8.414644545973773e-07	11.161963519007475
8.356645916023619e-07	11.19842351326282
8.299047046402937e-07	11.235002602261568
8.241845181730762e-07	11.271701175020722
8.185037585617817e-07	11.308519621827987
8.128621540535617e-07	11.345458334245945
8.07259434768646e-07	11.38251770511618
8.016953326874333e-07	11.41969812856347
7.961695816376694e-07	11.457
7.9077113961305e-07	11.493814505966242
7.854093018206949e-07	11.530747307110063
7.800838200649619e-07	11.56779878354655
7.747944478331041e-07	11.604969316612202
7.695409402838385e-07	11.642259288868853
7.643230542360531e-07	11.679669084107624
7.591405481575226e-07	11.717199087352855
7.539931821537356e-07	11.754849684866079
7.488807179567956e-07	11.792621264149995
7.438029189143677e-07	11.830514213952446
7.387595499787607e-07	11.868528924270441
7.337503776960221e-07	11.90666578635415
7.287751701951381e-07	11.944925192710944
7.238336971773069e-07	11.983307537109422
7.189257299052532e-07	12.021813214583474
7.140510411926774e-07	12.060442621436344
7.092094053937143e-07	12.099196155244703
7.044005983924947e-07	12.138074214862753
6.996243975927766e-07	12.177077200426316
6.948805819076186e-07	12.216205513356968
6.901689317491808e-07	12.25545955636616
6.854892290185362e-07	12.294839733459368
6.80841257095582e-07	12.334346449940245
6.762248008290172e-07	12.373980112414804
6.716396465263615e-07	12.41374112879559
6.670855819440966e-07	12.453629908305889
6.625623962778199e-07	12.493646861483919
6.580698801524918e-07	12.533792400187089
6.536078256127436e-07	12.57406693759621
6.491760261132521e-07	12.614470888219765
6.447742765091834e-07	12.655004667898158
6.404023730466758e-07	12.695668693808008
6.360601133534406e-07	12.736463384466436
6.31747296429372e-07	12.777389159735378
6.274637226372497e-07	12.818446440825896
6.232091936935019e-07	12.859635650302526
6.189835126590067e-07	12.900957212087613
6.147864839300071e-07	12.942411551465689
6.106179132290354e-07	12.98399909508784
6.064776075959258e-07	13.0257202709761
6.023653753788873e-07	13.067575508527854
5.982810262256126e-07	13.109565238520268
5.942243710744962e-07	13.151689893114694
5.901952221458633e-07	13.193949905861157
5.861933929332828e-07	13.236345711702793
5.822186981949383e-07	13.278877746980328
5.782709539450344e-07	13.321546449436573
5.743499774453091e-07	13.364352258220928
5.704555871965558e-07	13.407295613893899
5.665876029302266e-07	13.450376958431637
5.62745845600087e-07	13.493596735230483
5.589301373739344e-07	13.536955389111533
5.551403016253455e-07	13.58045336632522
5.513761629255307e-07	13.624091114555894
5.47637547035193e-07	13.667869082926448
5.439242808964682e-07	13.711787722002926
5.402361926249187e-07	13.755847483799165
5.36573111501559e-07	13.800048821781449
5.329348679649797e-07	13.844392190873181
5.293212936034814e-07	13.888878047459539
5.257322211472837e-07	13.93350684939221
5.221674844607808e-07	13.978279055994077
5.186269185348576e-07	14.023195128063964
5.151103594792331e-07	14.068255527881357
5.116176445148998e-07	14.113460719211183
5.081486119665724e-07	14.158811167308565
5.047031012552073e-07	14.204307338923627
5.012809528905743e-07	14.249949702306287
4.978820084638574e-07	14.295738727211079
4.94506110640346e-07	14.341674884901987
4.911531031521374e-07	14.387758648157302
4.87822830790905e-07	14.433990491274471
4.845151394007196e-07	14.480370890075005
4.81229875870897e-07	14.526900321909354
4.779668881289347e-07	14.573579265661813
4.7472602513345655e-07	14.620408201755486
4.7150713686722495e-07	14.667387612157198
4.6831007433019694e-07	14.71451798038247
4.65134689532627e-07	14.76179979150049
4.6198083548822076e-07	14.809233532139109
4.588483662073153e-07	14.856819690489846
4.5573713669014473e-07	14.904558756312916
4.5264700292011283e-07	14.952451220942269
4.4957782185713044e-07	15.000497577290641
4.4652945143099825e-07	15.048698319854642
4.4350175053481487e-07	15.09705394471983
4.404945790184685e-07	15.145564949565825
4.3750779768213327e-07	15.194231833671427
4.3454126826983073e-07	15.243055097919761
4.3159485346303293e-07	15.292035244803424
4.286684168742919e-07	15.34117277842966
4.257618230409481e-07	15.390468204525561
4.22874937418845e-07	15.439922030443231
4.200076263761056e-07	15.489534765165066
4.1715975718694925e-07	15.539306919308949
4.143311980255348e-07	15.589239005133525
4.115218179598787e-07	15.639331536543462
4.0873148694578066e-07	15.68958502909475
4.0596007582080745e-07	15.740000000000002
4.032075016219236e-07	15.790583422134826
4.0047359099409416e-07	15.84132940351964
3.9775821739072717e-07	15.89223846656888
3.950612551232643e-07	15.943311135375852
3.9238257935538004e-07	15.99454793571813
3.89722066097167e-07	16.04594939506299
3.870795921994425e-07	16.097516042572806
3.8445503534801215e-07	16.149248409110516
3.81848274058025e-07	16.20114702724509
3.792591876683466e-07	16.253212431256998
3.7668765633597407e-07	16.305445157143737
3.7413356103048866e-07	16.35784574262531
3.715967835285462e-07	16.410414727149806
3.69077206408405e-07	16.463152651898906
3.665747130444902e-07	16.51606005979351
3.6408918760199594e-07	16.56913749549927
3.616205150315233e-07	16.622385505432227
3.591685810637549e-07	16.675804637764443
3.567332722041659e-07	16.72939544242962
3.543144757277705e-07	16.783158471128782
3.519120796739038e-07	16.837094277335947
3.495259728410371e-07	16.891203416303817
3.4715604478164453e-07	16.945486445069506
3.4480218579705943e-07	16.999943922460286
3.4246428693243636e-07	17.054576409099305
3.401422399716769e-07	17.10938446741138
3.378359374324344e-07	17.164368661628792
3.3554527256113626e-07	17.219529557797085
3.332701393280424e-07	17.274867723780893
3.310104324223374e-07	17.33038372926979
3.2876604724725607e-07	17.386078145784158
3.2653687991524167e-07	17.44195154668105
3.243228272431374e-07	17.498004507160143
3.221237867474099e-07	17.55423760426959
3.1993965663940623e-07	17.610651416912017
3.177703358206415e-07	17.667246525850448
3.1561572387811976e-07	17.724023513714304
3.1347572107968586e-07	17.780982965005393
3.1135022836940925e-07	17.83812546610393
3.0923914736299884e-07	17.89545160527457
3.071423803432489e-07	17.95296197267246
3.0505983025551625e-07	18.010657160349343
3.029914007032273e-07	18.068537762259606
3.0093699594341656e-07	18.126604374266428
2.988965208822948e-07	18.184857594147907
2.968698810708447e-07	18.243298021603206
2.948569827004591e-07	18.301926258258742
2.9285773259858386e-07	18.360742907674368
2.9087203822441507e-07	18.41974857534958
2.888998076646132e-07	18.478943868729765
2.8694094962904833e-07	18.53832939721246
2.8499537344657474e-07	18.597905772153606
2.8306298906083384e-07	18.657673606873843
2.811437070260859e-07	18.71763351666484
2.7923743850306947e-07	18.777786118795614
2.773440952548894e-07	18.838132032518896
2.7546358964293274e-07	18.8986718790775
2.735958346228116e-07	18.959406281710724
2.717407437403346e-07	19.020335865660737
2.6989823112750487e-07	19.08146125817909
2.680682114985454e-07	19.142783088533076
2.6625060014595135e-07	19.20430198801228
2.6444531293656926e-07	19.26601858993504
2.626522663077004e-07	19.32793352965499
2.608713772632416e-07	19.390047444567596
2.5910256336983043e-07	19.452360974116694
2.5734574275303836e-07	19.51487475980111
2.5560083409357866e-07	19.57758944518123
2.538677566235426e-07	19.64050567588567
2.5214643012266044e-07	19.703624099617862
2.5043677491458854e-07	19.766945366162773
2.4873871186322125e-07	19.83047012739356
2.4705216236902784e-07	19.89419903727831
2.453770483654143e-07	19.95813275188675
2.437132923151098e-07	20.022271929397014
2.420608172065779e-07	20.08661723010241
2.404195465504515e-07	20.151169316418212
2.387894043759923e-07	20.215928852888524
2.3717031522757483e-07	20.28089650619305
2.3556220416119318e-07	20.346072945154003
2.339649967409923e-07	20.411458840742988
2.323786190358224e-07	20.4770548660879
2.3080299761581703e-07	20.54286169647985
2.29238059548994e-07	20.608880009380123
2.2768373239787956e-07	20.675110484427165
2.2613994421615547e-07	20.741553803443537
2.2460662354532876e-07	20.808210650443016
2.2308369941142223e-07	20.87508171163753
2.2157110132169656e-07	20.94216767544431
2.2006875926137635e-07	21.00946923249293
2.185766036904166e-07	21.076987075632434
2.1709456554028217e-07	21.144721899938464
2.1562257621075053e-07	21.212674402720424
2.141605675667366e-07	21.280845283528635
2.1270847193513876e-07	21.34923524416158
2.1126622210170657e-07	21.417844988673085
2.098337513079295e-07	21.486675223379585
2.0841099324794685e-07	21.55572665686739
2.0699788206547857e-07	21.624999999999996
2.0629489417648159e-07	21.659708836227
2.0559429371274298e-07	21.694473381277685
2.0489607256630207e-07	21.72929372456656
2.0420022265672865e-07	21.764169955651624
2.035067359310412e-07	21.79910216423462
2.0281560436360043e-07	21.834090440161287
2.021268199560297e-07	21.86913487342154
2.0144037473710894e-07	21.904235554149768
2.007562607626961e-07	21.939392572624996
2.0007447011562313e-07	21.974606019271146
1.9939499490560972e-07	22.009875984657313
1.9871782726917505e-07	22.045202559497927
1.980429593695436e-07	22.080585834653004
1.9737038339655109e-07	22.11602590112844
1.9670009156655752e-07	22.151522850076166
1.9603207612236175e-07	22.187076772794402
1.9536632933310056e-07	22.22268776072795
1.9470284349417205e-07	22.25835590546833
1.9404161092713362e-07	22.29408129875413
1.9338262397962578e-07	22.329864032471125
1.9272587502527112e-07	22.365704198652587
1.9207135646359844e-07	22.401601889479533
1.9141906071994238e-07	22.4375571972809
1.907689802453682e-07	22.473570214533815
1.9012110751657197e-07	22.50964103386387
1.89475435035806e-07	22.545769748045284
1.8883195533078103e-07	22.58195645000119
1.8819066095458464e-07	22.618201232803894
1.8755154448559946e-07	22.654504189675045
1.8691459852740676e-07	22.690865413985957
1.862798157087129e-07	22.72728499925778
1.856471886832519e-07	22.763763039161756
1.8501671012971254e-07	22.80029962751952
1.8438837275164163e-07	22.836894858303257
1.8376216927737153e-07	22.87354882563597
1.8313809245992399e-07	22.910261623791783
1.8251613507693828e-07	22.947033347196086
1.8189628993057567e-07	22.983864090425833
1.8127854984744804e-07	23.020753948209805
1.8066290767852296e-07	23.057703015428782
1.8004935629905278e-07	23.09471138711588
1.7943788860848048e-07	23.13177915845671
1.7882849753036912e-07	23.168906424789654
1.782211760123098e-07	23.206093281606154
1.7761591702584428e-07	23.243339824550894
1.7701271356638683e-07	23.280646149422047
1.7641155865313995e-07	23.318012352171607
1.758124453290108e-07	23.35543852890552
1.7521536666053368e-07	23.39292477588399
1.7462031573779398e-07	23.430471189521764
1.7402728567433823e-07	23.468077866388285
1.734362696071058e-07	23.505744903208036
1.7284726069633809e-07	23.543472396860718
1.7226025212551074e-07	23.581260444381524
1.7167523710124354e-07	23.61910914296143
1.7109220885323277e-07	23.657018589947366
1.7051116063416204e-07	23.69498888284251
1.6993208571963496e-07	23.73302011930657
1.6935497740808657e-07	23.77111239715597
1.6877982902071662e-07	23.809265814364128
1.6820663390140128e-07	23.84748046906175
1.6763538541662718e-07	23.885756459536992
1.6706607695540365e-07	23.924093884235827
1.664987019291971e-07	23.962492841762185
1.659332537718452e-07	24.000953430878265
1.653697259394852e-07	24.039475750504828
1.6480811191048062e-07	24.078059899721353
1.6424840518534319e-07	24.116705977766358
1.6369059928665502e-07	24.155414084037673
1.6313468775899612e-07	24.194184318092628
1.6258066416887393e-07	24.23301677964835
1.6202852210463942e-07	24.27191156858204
1.614782551764235e-07	24.310868784931177
1.6092985701605255e-07	24.349888528893835
1.6038332127698524e-07	24.388970900828873
1.5983864163422847e-07	24.428116001256242
1.5929581178427482e-07	24.46732393085726
1.5875482544501914e-07	24.506594790474796
1.5821567635569604e-07	24.54592868111359
1.5767835827679734e-07	24.58532570394053
1.5714286499001007e-07	24.624785960284843
1.566091902981354e-07	24.664309551638382
1.5607732802502098e-07	24.703896579655957
1.5554727201549318e-07	24.743547146155468
1.5501901613527688e-07	24.783261353118295
1.5449255427093474e-07	24.823039302689462
1.539678803297863e-07	24.862881097177944
1.534449882398475e-07	24.902786839056947
1.5292387194975052e-07	24.942756630964134
1.5240452542868352e-07	24.98279057570189
1.5188694266631107e-07	25.022888776237643
1.5137111767271445e-07	25.06305133570405
1.5085704447831242e-07	25.103278357399297
1.5034471713380206e-07	25.143569944787412
1.4983412971007996e-07	25.183926201498423
1.493252762981836e-07	25.224347231328753
1.4881815100921304e-07	25.264833138241368
1.4831274797427254e-07	25.305384026366113
1.4780906134439294e-07	25.345999999999997
1.4730716850778335e-07	25.38669609552052
1.468069798726437e-07	25.427457533587837
1.4630848965227288e-07	25.46828441911735
1.4581169207962234e-07	25.50917685719297
1.453165814072259e-07	25.55013495306728
1.4482315190712948e-07	25.59115881216192
1.4433139787083225e-07	25.632248540067728
1.4384131360921672e-07	25.673404242545153
1.4335289345247972e-07	25.714626025524385
1.428661317500735e-07	25.755913995105754
1.4238102287063603e-07	25.79726825755993
1.4189756120192782e-07	25.83868891932819
1.4141574115076275e-07	25.880176087022758
1.409355571429499e-07	25.921729867426983
1.404570036232259e-07	25.963350367495728
1.3998007505518705e-07	26.005037694355526
1.395047659212323e-07	26.046791955304975
1.3903107072249458e-07	26.08861325781489
1.3855898397877975e-07	26.130501709528694
1.3808850022849855e-07	26.172457418262642
1.3761961402861014e-07	26.214480492006054
1.371523199545558e-07	26.2565710389217
1.3668661260019276e-07	26.298729167345964
1.362224865777385e-07	26.34095498578923
1.3575993651770495e-07	26.383248602936064
1.3529895706883305e-07	26.425610127645573
1.3483954289803755e-07	26.468039668951608
1.343816886903419e-07	26.510537336063134
1.339253891488135e-07	26.553103238364454
1.334706389945092e-07	26.595737485415462
1.3301743296641047e-07	26.63844018695202
1.3256576582135982e-07	26.681211452886135
1.3211563233400627e-07	26.724051393306333
1.316670272967407e-07	26.766960118477854
1.3121994551963787e-07	26.809937738843043
1.307743818303918e-07	26.852984365021506
1.303303310742626e-07	26.896100107810508
1.298877881140136e-07	26.93928507818522
1.2944674782984862e-07	26.982539387298946
1.290072051193592e-07	27.02586314648352
1.285691548974613e-07	27.069256467249478
1.2813259209633857e-07	27.112719461286453
1.2769751166537951e-07	27.156252240463353
1.272639085711254e-07	27.199854916828766
1.268317777972088e-07	27.243527602611124
1.2640111434429262e-07	27.287270410219108
1.2597191323001816e-07	27.331083452241874
1.2554416948894475e-07	27.374966841449318
1.2511787817248892e-07	27.418920690792458
1.2469303434887345e-07	27.46294511340361
1.242696331030672e-07	27.50704022259679
1.238476695367253e-07	27.551206131867907
1.2342713876813832e-07	27.59544295489515
1.2300803593217205e-07	27.639750805539183
1.2259035618021302e-07	27.68412979784352
1.221740946801084e-07	27.728580046034796
1.217592466161163e-07	27.773101664522997
1.2134580718884684e-07	27.817694767901877
1.209337716152037e-07	27.86235947094912
1.205231351283348e-07	27.907095888626753
1.2011389297757313e-07	27.951904136081343
1.1970604042838378e-07	27.996784328644384
1.1929957276230533e-07	28.041736581832506
1.188944852769009e-07	28.08676101134784
1.1849077328570109e-07	28.131857733078306
1.1808843211814667e-07	28.177026863097844
1.1768745711954043e-07	28.222268517666823
1.1728784365099041e-07	28.267582813232234
1.1688958708935335e-07	28.312969866428084
1.1649268282718697e-07	28.3584297940756
1.160971262726938e-07	28.40396271318363
1.1570291284966514e-07	28.44956874094885
1.1531003799743392e-07	28.495247994756134
1.149184971708181e-07	28.541000592178843
1.1452828584006993e-07	28.586826650979077
1.1413939949081978e-07	28.632726289108064
1.1375183362402974e-07	28.67869962470637
1.1336558375593844e-07	28.724746776104297
1.1298064541800661e-07	28.770867861822094
1.1259701415687098e-07	28.817063000570357
1.1221468553428881e-07	28.863332311250236
1.1183365512708868e-07	28.90967591295383
1.1145391852711545e-07	28.95609392496446
1.1107547134118483e-07	29.002586466756917
1.1069830919102984e-07	29.049153657997895
1.1032242771324735e-07	29.09579561854616
1.0994782255925312e-07	29.14251246845299
1.0957448939522872e-07	29.189304327962347
1.0920242390206869e-07	29.236171317511342
1.0883162177533607e-07	29.28311355773039
1.0846207872520976e-07	29.33013116944363
1.0809379047643227e-07	29.37722427366921
1.0772675276826568e-07	29.424392991619545
1.0736096135443957e-07	29.47163744470172
1.0699641200309929e-07	29.5189577545177
1.0663310049676232e-07	29.566354042864763
1.062710226322659e-07	29.613826431735674
1.0591017422072021e-07	29.66137504331914
1.0555055108745639e-07	29.709
1.0519208052195677e-07	29.756692478471496
1.0483482739345434e-07	29.804461518675236
1.0447878756729464e-07	29.852307243517334
1.0412395692286446e-07	29.90022977610128
1.0377033135354243e-07	29.94822923972811
1.0341790676665407e-07	29.996305757896867
1.0306667908342702e-07	30.04445945430479
1.0271664423893865e-07	30.092690452847744
1.0236779818207249e-07	30.140998877620433
1.0202013687547044e-07	30.18938485291682
1.0167365629548526e-07	30.237848503230392
1.0132835243213727e-07	30.286389953254446
1.0098422128906304e-07	30.33500932788252
1.0064125888347153e-07	30.38370675220857
1.0029946124610053e-07	30.432482351527447
9.99588244211658e-08	30.481336251335062
9.961934446631767e-08	30.530268577328858
9.9281017452598e-08	30.579279455408
9.894383946438963e-08	30.628369011673808
9.860780659937449e-08	30.677537372430038
9.827291496848755e-08	30.726784664183146
9.793916069587096e-08	30.776111013642748
9.760653991883253e-08	30.8255165477218
9.727504878779609e-08	30.875001393537058
9.694468346625937e-08	30.924565678409273
9.66154401307521e-08	30.97420952986366
9.628731497078678e-08	31.023933075630083
9.596030418881795e-08	31.0737364436435
9.563440400019657e-08	31.12361976204425
9.530961063312931e-08	31.173583159178328
9.498592032863031e-08	31.22362676359783
9.466332934048076e-08	31.273750704061158
9.43418339351839e-08	31.32395510953347
9.40214303919251e-08	31.37424010918689
9.37021150025239e-08	31.42460583240098
9.33838840713937e-08	31.475052408762927
9.306673391550101e-08	31.52557996806799
9.275066086431845e-08	31.5761886403198
9.24356612597852e-08	31.62687855573063
9.212173145626319e-08	31.677649844721856
9.180886782049793e-08	31.72850263792415
9.149706673157192e-08	31.779437066177962
9.118632458086573e-08	31.830453260533712
9.087663777201485e-08	31.881551352252266
9.056800272087086e-08	31.932731472805134
9.026041585545571e-08	31.98399375387494
8.995387361592238e-08	32.03533832735569
8.96483724545161e-08	32.086765325353085
8.934390883552872e-08	32.138274880184944
8.904047923526078e-08	32.189867124381465
8.873808014197933e-08	32.24154219068562
8.843670805588009e-08	32.29330021205346
8.813635948904263e-08	32.34514132165451
8.783703096539295e-08	32.397065652872
8.753871902066174e-08	32.44907333930336
8.724142020234718e-08	32.50116451476047
8.694513106967071e-08	32.55333931326997
8.66498481935393e-08	32.60559786907373
8.635556815650799e-08	32.65794031662905
8.606228755273594e-08	32.71036679060915
8.577000298794995e-08	32.76287742590337
8.547871107940381e-08	32.81547235761765
8.518840845584177e-08	32.868151721074774
8.489909175745553e-08	32.920915651814795
8.4610757635848e-08	32.97376428559535
8.432340275399326e-08	33.02669775839198
8.403702378620066e-08	33.07971620639855
8.375161741807214e-08	33.13281976602752
8.346718034646605e-08	33.18600857391037
8.318370927946088e-08	33.23928276689789
8.290120093631312e-08	33.29264248206059
8.261965204742195e-08	33.34608785668898
8.233905935429081e-08	33.39961902829401
8.205941960948893e-08	33.453236134607366
8.17807295766165e-08	33.50693931358181
8.150298603026312e-08	33.560728703391604
8.122618575597256e-08	33.61460444243278
8.095032555020752e-08	33.66856666932359
8.067540222030848e-08	33.72261552290475
8.040141258445893e-08	33.776751142239945
8.012835347165036e-08	33.83097366661601
7.985622172164166e-08	33.88528323554343
7.958501418492519e-08	33.93967998875667
7.931472772268967e-08	33.99416406621446
7.904535920678315e-08	34.04873560810025
7.87769055196795e-08	34.10339475482249
7.850936355443838e-08	34.158141647015086
7.824273021467123e-08	34.21297642553764
7.797700241450733e-08	34.26789923147595
7.771217707855431e-08	34.32291020614223
7.744825114186505e-08	34.3780094910756
7.7185221549901e-08	34.4331972280424
7.692308525849929e-08	34.488473559036485
7.666183923383374e-08	34.54383862627973
7.640148045238232e-08	34.59929257222226
7.614200590089077e-08	34.65483553954295
7.588341257634039e-08	34.71046767114963
7.562569748590941e-08	34.76618911017963
7.53688576469403e-08	34.822
7.511289596226599e-08	34.877900818620724
7.485780355418954e-08	34.9338913765305
7.460357747054146e-08	34.98997181779049
7.435021476918065e-08	35.04614228669321
7.409771251795604e-08	35.1024029277628
7.384606779467634e-08	35.158753885755345
7.359527768707431e-08	35.215195305659385
7.334533929277138e-08	35.27172733269617
7.30962497192476e-08	35.32835011232013
7.284800608380631e-08	35.38506379021911
7.26006055135391e-08	35.441868512314905
7.235404514529605e-08	35.498764424763564
7.21083221256503e-08	35.5557516739557
7.186343361086608e-08	35.61283040651699
7.161937676686358e-08	35.6700007693085
7.137614876919021e-08	35.727262909427
7.11337468029832e-08	35.78461697420544
7.089216806294115e-08	35.842063111213285
7.065140975328922e-08	35.89960146825691
7.041146908774793e-08	35.957232193379916
7.017234328949862e-08	36.014955434863616
6.993402959115474e-08	36.072771341227366
6.969652523472817e-08	36.13068006122889
6.945982747159545e-08	36.188681743864755
6.922393356246958e-08	36.246776538370746
6.898884077736643e-08	36.30496459422214
6.875454639557155e-08	36.363246061134255
6.85210477056121e-08	36.4216210890627
6.828834200522363e-08	36.480089828203845
6.805642660131733e-08	36.538652428995135
6.782529880995205e-08	36.59730904211555
6.759495595630164e-08	36.65605981848596
6.736539537462234e-08	36.71490490926948
6.71366144082252e-08	36.77384446587192
6.690861040944373e-08	36.832878639942166
6.668138073960156e-08	36.89200758337249
6.645492276898526e-08	36.95123144829904
6.622923387681166e-08	37.01055038710223
6.60043114511986e-08	37.069964552406994
6.578015288913261e-08	37.129474097083374
6.555675559644247e-08	37.18907917424677
6.533411698776498e-08	37.24877993725843
6.511223448651871e-08	37.30857653972573
6.489110552487211e-08	37.368469135502664
6.46707275437148e-08	37.42845787869027
6.445109799262586e-08	37.48854292363686
6.423221432984802e-08	37.548724424938605
6.401407402225404e-08	37.60900253743986
6.379667454532102e-08	37.669377416233495
6.358001338309914e-08	37.7298492166614
6.336408802818355e-08	37.79041809431483
6.314889598168335e-08	37.851084205034844
6.293443475319563e-08	37.91184770491261
6.272070186077527e-08	37.972708750289925
6.250769483090456e-08	38.03366749775958
6.229541119846767e-08	38.09472410416568
6.208384850672063e-08	38.15587872660418
6.187300430726135e-08	38.21713152242323
6.166287616000427e-08	38.27848264922351
6.145346163315071e-08	38.33993226485877
6.124475830315915e-08	38.40148052743614
6.10367637547202e-08	38.46312759531655
6.082947558072716e-08	38.52487362711518
6.062289138224665e-08	38.586718781701805
6.041700876849382e-08	38.64866321820131
6.021182535680328e-08	38.71070709599391
6.000733877259992e-08	38.77285057471579
5.980354664937448e-08	38.835093814259366
5.9600446628654136e-08	38.89743697477369
5.939803635997621e-08	38.95988021666496
5.919631350085903e-08	39.02242370059689
5.899527571677822e-08	39.08506758749104
5.879492068113577e-08	39.14781203852738
5.859524607523654e-08	39.21065721514457
5.839624958825948e-08	39.27360327904049
5.819792891723182e-08	39.33665039217254
5.8000281767000566e-08	39.399798716758134
5.780330585020873e-08	39.463048415275146
5.760699888726748e-08	39.52639965046219
5.741135860632833e-08	39.5898525853192
5.7216382743259675e-08	39.653407383107776
5.7022069041619154e-08	39.717064207351555
5.682841525262617e-08	39.780823221836734
5.6635419135138656e-08	39.844684590612424
5.644307845562571e-08	39.90864847799111
5.625139098814041e-08	39.972715048548984
5.6060354514296774e-08	40.03688446712652
5.586996682324275e-08	40.10115689882879
5.56802257116332e-08	40.165532509025866
5.549112898360721e-08	40.23001146335336
5.530267445076125e-08	40.29459392771277
5.511485993212254e-08	40.359280068271865
5.492768325412646e-08	40.424070051465236
5.474114225058967e-08	40.48896404399465
5.455523476268586e-08	40.55396221282942
5.436995863891903e-08	40.61906472520697
5.4185311735101694e-08	40.68427174863317
5.4001291914326524e-08	40.74958345088283
5.381789704694469e-08	40.81499999999999
5.3635144011544453e-08	40.880517953413786
5.345301156286075e-08	40.94614107900006
5.327149759352396e-08	41.01186954558559
5.3090600003322805e-08	41.07770352226817
5.291031669917741e-08	41.14364317841708
5.2730645595115906e-08	41.20968868367341
5.255158461224864e-08	41.275840207950615
5.237313167874667e-08	41.34209792143486
5.219528472981605e-08	41.40846199458555
5.201804170767486e-08	41.474932598135645
5.1841400561527584e-08	41.541509903092276
5.166535924754409e-08	41.60819408073701
5.148991572883412e-08	41.674985302626354
5.131506797542426e-08	41.74188374059225
5.114081396423482e-08	41.80888956674245
5.0967151679054754e-08	41.87600295346097
5.079407911052088e-08	41.94322407340853
5.062159425609289e-08	42.0105530995231
5.044969512003067e-08	42.07799020502015
5.027837971337155e-08	42.14553556339327
5.010764605390573e-08	42.2131893484145
4.9937492166155714e-08	42.28095173413488
4.976791608135188e-08	42.3488228948848
4.95989158374105e-08	42.41680300527449
4.9430489478909404e-08	42.48489224019454
4.926263505706779e-08	42.5530907748162
4.9095350629722055e-08	42.62139878459195
4.892863426130374e-08	42.689816445255914
4.8762484022817525e-08	42.7583439328243
4.8596897991817293e-08	42.82698142359586
4.843187425238633e-08	42.89572909415239
4.826741089511391e-08	42.96458712135908
4.810350601707202e-08	43.03355568236509
4.7940157721795776e-08	43.1026349546039
4.7777364119259806e-08	43.171825115793844
4.761512332585685e-08	43.241126343938525
4.745343346437632e-08	43.31053881732726
4.7292292663981026e-08	43.38006271453564
4.7131699060187886e-08	43.449698214425844
4.697165079484476e-08	43.51944549614717
4.681214601610976e-08	43.58930473913654
4.665318287842827e-08	43.65927612311886
4.649475954251388e-08	43.729359828107555
4.633687417532561e-08	43.799556034405065
4.617952495004704e-08	43.869864922603206
4.602271004606557e-08	43.94028667358369
4.586642764894987e-08	44.01082146851861
4.5710675950431083e-08	44.081469488870866
4.555545314838048e-08	44.15223091639466
4.540075744678929e-08	44.22310593313591
4.524658705574645e-08	44.29409472143288
4.509294019142015e-08	44.3651974639164
4.493981507603567e-08	44.43641434351054
4.4787209937855195e-08	44.507745543432975
4.463512301115771e-08	44.5791912471955
4.448355253621706e-08	44.650751638604504
4.43324967592838e-08	44.72242690176139
4.418195393256346e-08	44.79421722106315
4.4031922314197033e-08	44.86612278120273
4.388240016823936e-08	44.93814376716957
4.373338576464125e-08	45.01028036425005
4.3584877379227986e-08	45.082532758027995
4.3436873293679746e-08	45.154901134385106
4.328937179551207e-08	45.22738567950154
4.314237117805464e-08	45.299986579856245
4.2995869740433664e-08	45.37270402222754
4.284986578755075e-08	45.44553819369358
4.270435763006403e-08	45.518489281632796
4.255934358436718e-08	45.591557473724436
4.241482197257208e-08	45.66474295794898
4.2270791122487963e-08	45.738045922588746
4.2127249367602446e-08	45.8114665562282
4.198419504706256e-08	45.88500504775456
4.1841626505654177e-08	45.958661586358275
4.169954209378494e-08	46.03243636153346
4.155794016746376e-08	46.10632956307845
4.1416819088282503e-08	46.180341381096184
4.1276177223395674e-08	46.25447200599486
4.1136012945503554e-08	46.328721628488275
4.099632463283203e-08	46.40309043959635
4.085711066911412e-08	46.47757863064566
4.0718369443571676e-08	46.552186393269906
4.058009935089537e-08	46.626913919410384
4.044229879122812e-08	46.70176140131657
4.0304966170145253e-08	46.77672903154647
4.016809989863674e-08	46.85181700296724
4.003169839308744e-08	46.927025508755605
3.989576007526081e-08	47.002354742398396
3.9760283372279306e-08	47.07780489769305
3.962526671660648e-08	47.153376168748046
3.949070854602924e-08	47.229068749983554
3.9356607303638386e-08	47.30488283613174
3.9222961437812634e-08	47.380818622237406
3.9089769402199285e-08	47.45687630365843
3.895702965569704e-08	47.53305607606631
3.8824740662436835e-08	47.609358135446584
3.869290089176605e-08	47.6857826780995
3.8561508818229466e-08	47.76232990064034
3.843056292155195e-08	47.83899999999999
3.830005778559955e-08	47.915803657464025
3.8169995827919303e-08	47.992730620218715
3.804037554353737e-08	48.0697810862259
3.7911195432588706e-08	48.146955253765306
3.778245400030255e-08	48.22425332143491
3.765414975698418e-08	48.30167548815157
3.752628121799676e-08	48.37922195315148
3.7398846903746316e-08	48.45689291599069
3.727184533966216e-08	48.5346885765457
3.714527505618195e-08	48.61260913501382
3.701913458873381e-08	48.69065479191381
3.6893422477718423e-08	48.768825748086336
3.6768137268494e-08	48.84712220469452
3.6643277511358527e-08	48.925544363224425
3.651884176153207e-08	49.00409242548564
3.63948285791419e-08	49.0827665936117
3.6271236529204874e-08	49.161567070060684
3.614806418161001e-08	49.24049405761569
3.602531011110365e-08	49.31954775938537
3.5902972897272124e-08	49.39872837880452
3.578105112452441e-08	49.47803611963448
3.565954338207756e-08	49.55747118596374
3.5538448263939405e-08	49.63703378220844
3.54177643688915e-08	49.716724113112896
3.529749030047463e-08	49.796542383750186
3.517762466697174e-08	49.87648879952256
3.5058166081391034e-08	49.95656356616207
3.49391131614516e-08	50.03676688973103
3.482046452956657e-08	50.117098976622586
3.470221881282633e-08	50.19756003356131
3.4584374642984345e-08	50.27815026760357
3.446693065644044e-08	50.3588698861382
3.434988549422423e-08	50.439719096886975
3.423323780198132e-08	50.52069810790514
3.411698622995542e-08	50.60180712758205
3.4001129432974655e-08	50.68304636464151
3.3885666070435186e-08	50.7644160281425
3.3770594806284854e-08	50.845916327479586
3.3655914309009384e-08	50.927547472383544
3.3541623251616165e-08	51.00930967292183
3.342772031161803e-08	51.09120313949922
3.3314204171019646e-08	51.17322808285822
3.320107351630139e-08	51.25538471407971
3.30883270384034e-08	51.33767324458343
3.297596343271228e-08	51.42009388612853
3.286398139904383e-08	51.502646850814216
3.275237964162993e-08	51.585332351080126
3.264115686910273e-08	51.66815059970699
3.253031179447886e-08	51.75110180981715
3.24198431351462e-08	51.83418619487508
3.230974961284821e-08	51.917403968688035
3.220002995366834e-08	52.00075534540647
3.209068288801688e-08	52.08424053952464
3.19817071506155e-08	52.16785976588121
3.187310148048178e-08	52.2516132396597
3.176486462091623e-08	52.33550117638919
3.165699531948693e-08	52.41952379194469
3.1549492328014294e-08	52.50368130254785
3.1442354402558164e-08	52.587973924767404
3.133558030340262e-08	52.67240187551983
3.122916879504089e-08	52.7569653720698
3.11231186461626e-08	52.841664632030884
3.101742862963875e-08	52.92649987336594
3.091209752250672e-08	53.011471314387784
3.0807124105957686e-08	53.096579173759736
3.0702507165321745e-08	53.18182367049612
3.059824549005308e-08	53.26720502396299
3.049433787371749e-08	53.35272345387847
3.039078311397767e-08	53.43837918031349
3.028758001257855e-08	53.52417242369228
3.018472737533515e-08	53.61010340479292
3.008222401211682e-08	53.69617234474804
2.998006873683516e-08	53.782379465045196
2.987826036742957e-08	53.868724987527564
2.9776797725852854e-08	53.95520913439447
2.967567963805903e-08	54.041832128201975
2.9574904933989013e-08	54.128594191863485
2.9474472447556372e-08	54.21549554865024
2.9374381016635272e-08	54.30253642219194
2.92746294830463e-08	54.389717036477315
2.917521669254236e-08	54.477037615854684
2.9076141494796967e-08	54.56449838503262
2.8977402743389057e-08	54.65209956908038
2.8878999295791363e-08	54.739841393428584
2.878093001335649e-08	54.82772408386978
2.8683193761303037e-08	54.91574786655898
2.858578940870388e-08	55.00391296801437
2.8488715828472357e-08	55.09221961511771
2.839197189734857e-08	55.18066803511505
2.8295556495887744e-08	55.26925845561726
2.8199468508446588e-08	55.35799110460065
2.8103706823169707e-08	55.44686621040749
2.800827033197811e-08	55.53588400174674
2.7913157930555697e-08	55.62504470769444
2.7818368518335783e-08	55.71434855769447
2.7723900998489756e-08	55.80379578155903
2.7629754277913685e-08	55.893386609469275
2.7535927267215005e-08	55.98312127197599
2.744241888070126e-08	56.072999999999986
2.7349221909388403e-08	56.16301242774582
2.725634144353761e-08	56.253169349939014
2.7163776408266862e-08	56.34347099853255
2.70715257323452e-08	56.43391760585167
2.6979588348179664e-08	56.524509404594546
2.688796319180228e-08	56.615246627833
2.679664920285906e-08	56.70612950901287
2.6705645324596863e-08	56.79715828195485
2.661495050385138e-08	56.888333180854914
2.6524563691035148e-08	56.97965444028496
2.643448384012456e-08	57.07112229519353
2.634470990864905e-08	57.16273698090626
2.6255240857678166e-08	57.25449873312651
2.6166075651809957e-08	57.34640778793613
2.6077213259158172e-08	57.43846438179579
2.5988652651341556e-08	57.5306687515459
2.590039280347114e-08	57.62302113440696
2.581243269413857e-08	57.715521767980256
2.572477130540448e-08	57.80817089024861
2.5637407622785902e-08	57.90096873957676
2.5550340635245785e-08	57.99391555471209
2.546356933518042e-08	58.08701157478532
2.537709271840824e-08	58.18025703931094
2.5290909784157336e-08	58.27365218818803
2.5205019535055144e-08	58.36719726170068
2.5119420977116055e-08	58.460892500518725
2.5034113119730123e-08	58.554738145698394
2.4949094975651616e-08	58.64873443868282
2.4864365560987768e-08	58.74288162130271
2.47799238951866e-08	58.837179935777044
2.4695769001026793e-08	58.93162962471354
2.4611899904605757e-08	59.02623093110947
2.4528315635327747e-08	59.12098409835208
2.4445015225893873e-08	59.21588937021936
2.4361997712290065e-08	59.31094699088067
2.4279262133776145e-08	59.40615720489729
2.4196807532874885e-08	59.501520257223035
2.411463295536015e-08	59.597036393205066
2.4032737450247033e-08	59.69270585858426
2.3951120069780066e-08	59.78852889949609
2.3869779869422444e-08	59.884505762471065
2.3788715907845285e-08	59.980636694435425
2.3707927246915973e-08	60.0769219427119
2.362741295168845e-08	60.173361755020146
2.3547172090391635e-08	60.26995637947748
2.3467203734418815e-08	60.36670606459959
2.3387506958317114e-08	60.463611059300995
2.3308080839775997e-08	60.56067161289591
2.3228924459617764e-08	60.65788797509866
2.315003690178631e-08	60.75526039602445
2.3071417253335983e-08	60.85278912619006
2.2993064604422144e-08	60.95047441651434
2.291497804828988e-08	61.048316518318934
2.2837156681263704e-08	61.146315683329014
2.2759599602737268e-08	61.2444721636737
2.2682305915162225e-08	61.342786211887
2.260527472403893e-08	61.4412580809082
2.2528505137905362e-08	61.539888024082614
2.245199626832698e-08	61.638676295162355
2.2375747229886635e-08	61.737623148306774
2.229975714017359e-08	61.83672883808322
2.22240251197744e-08	61.93599361946778
2.2148550292262003e-08	62.035417747845734
2.2073331784185774e-08	62.13500147901244
2.199836872506158e-08	62.234745069173776
2.1923660247360983e-08	62.33464877494692
2.1849205486502312e-08	62.43471285336108
2.17750035808399e-08	62.534937561857944
2.170105367165448e-08	62.63532315829251
2.1627354903142563e-08	62.73586990093375
2.1553906422407557e-08	62.83657804846515
2.1480707379449222e-08	62.93744785998554
2.1407756927153986e-08	63.0384795950096
2.1335054221285342e-08	63.139673513468594
2.1262598420473353e-08	63.24102987571114
2.119038868620597e-08	63.342548942503704
2.1118424182818817e-08	63.444230975031346
2.104670407748499e-08	63.54607623489848
2.097522754020646e-08	63.64808498412939
2.0903993743803766e-08	63.75025748516898
2.083300186390664e-08	63.85259400088353
2.0762251078944607e-08	63.95509479456118
2.069174057013682e-08	64.05776012991284
2.0621469521483587e-08	64.16059027107264
2.0551437119756265e-08	64.26358548259873
2.048164255448801e-08	64.36674602947407
2.041208501796456e-08	64.4700721771068
2.0342763705214224e-08	64.57356419133131
2.0273677813999572e-08	64.67722233840857
2.0204826544807478e-08	64.781046885027
2.0136209100840033e-08	64.88503809830323
2.0067824688005494e-08	64.98919624578257
1.999967251490844e-08	65.09352159543982
1.9931751792841582e-08	65.19801441568006
1.986406173577599e-08	65.30267497533914
1.979660156035234e-08	65.40750354368443
1.9729370485871158e-08	65.51250039041568
1.96623677342848e-08	65.61766578566542
1.959559253018777e-08	65.723
1.9529049589582284e-08	65.82851420709875
1.9462732616266703e-08	65.93419781072384
1.9396640842898847e-08	66.04005108283089
1.933077350474243e-08	66.14607429581211
1.9265129839657605e-08	66.25226772249711
1.9199709088092753e-08	66.35863163615343
1.9134510493075555e-08	66.46516631048733
1.9069533300204075e-08	66.57187201964452
1.9004776757638644e-08	66.67874903821084
1.8940240116092235e-08	66.78579764121288
1.8875922628822422e-08	66.89301810411885
1.8811823551622408e-08	67.00041070283922
1.8747942142813045e-08	67.10797571372738
1.8684277663233345e-08	67.21571341358033
1.8620829376232504e-08	67.32362407963956
1.8557596547661093e-08	67.43170798959163
1.8494578445863194e-08	67.53996542156881
1.843177434166698e-08	67.64839665414999
1.8369183508376906e-08	67.75700196636132
1.830680522176501e-08	67.86578163767685
1.8244638760063108e-08	67.97473594801929
1.8182683403953566e-08	68.0838651777608
1.812093843656141e-08	68.1931696077237
1.805940314344649e-08	68.30264951918102
1.7998076812594316e-08	68.41230519385746
1.793695873440841e-08	68.52213691393001
1.7876048201701798e-08	68.63214496202865
1.781534450968943e-08	68.74232962123706
1.775484695597913e-08	68.85269117509348
1.7694554840564048e-08	68.96322990759131
1.763446746581445e-08	69.07394610317994
1.7574584136469455e-08	69.18484004676526
1.7514904159629603e-08	69.29591202371074
1.7455426844747947e-08	69.40716231983795
1.739615150362251e-08	69.51859122142723
1.7337077450388762e-08	69.63019901521861
1.7278204001510796e-08	69.74198598841244
1.721953047577401e-08	69.85395242867021
1.716105619427708e-08	69.9660986241151
1.710278048042397e-08	70.07842486333298
1.7044702659916635e-08	70.190931435373
1.698682206074643e-08	70.30361862974827
1.6929138013186705e-08	70.41648673643681
1.6871649849785494e-08	70.52953604588212
1.681435690535696e-08	70.64276684899406
1.675725851697425e-08	70.7561794371494
1.6700354023961683e-08	70.86977410219279
1.6643642767886975e-08	70.98355113643747
1.6587124092554163e-08	71.0975108326658
1.6530797343995187e-08	71.21165348413032
1.6474661870462753e-08	71.32597938455436
1.641871702242317e-08	71.4404888281328
1.6362962152548043e-08	71.55518210953272
1.6307396615707312e-08	71.67005952389441
1.6252019768961535e-08	71.78512136683199
1.619683097155495e-08	71.90036793443402
1.6141829584907314e-08	72.01579952326456
1.6087014972606983e-08	72.13141643036376
1.6032386500403327e-08	72.2472189532486
1.597794353619991e-08	72.36320738991373
1.592368545004639e-08	72.4793820388322
1.5869611614131598e-08	72.59574319895631
1.581572140277669e-08	72.71229116971818
1.576201419242714e-08	72.82902625103075
1.5708489361645995e-08	72.94594874328843
1.5655146291106603e-08	73.06305894736792
1.5601984363585297e-08	73.18035716462886
1.5549002963954774e-08	73.2978436969148
1.5496201479176196e-08	73.41551884655385
1.5443579298292493e-08	73.53338291635954
1.5391135812421664e-08	73.65143620963144
1.5338870414748995e-08	73.76967903015611
1.5286782500520507e-08	73.88811168220788
1.5234871467035864e-08	74.00673447054943
1.5183136713641254e-08	74.12554770043285
1.5131577641722954e-08	74.24455167760026
1.508019365469964e-08	74.36374670828455
1.502898415801587e-08	74.48313309921036
1.4977948559135567e-08	74.6027111575947
1.4927086267534436e-08	74.72248119114784
1.48763966946936e-08	74.84244350807394
1.482587925409269e-08	74.96259841707212
1.4775533361202924e-08	75.082946227337
1.4725358433480838e-08	75.20348724855968
1.4675353890360806e-08	75.32422179092829
1.46255191532487e-08	75.4451501651291
1.4575853645515551e-08	75.56627268234716
1.4526356792490141e-08	75.68758965426697
1.4477028021452865e-08	75.80910139307355
1.4427866761628948e-08	75.9308082114531
1.4378872444181755e-08	76.0527104225938
1.4330044502206659e-08	76.17480834018659
1.4281382370723779e-08	76.29710227842608
1.423288548667181e-08	76.41959255201131
1.4184553288901834e-08	76.54227947614648
1.4136385218170152e-08	76.66516336654186
1.4088380717132261e-08	76.78824453941462
1.4040539230336179e-08	76.9115233114896
1.3992860204216482e-08	77.035
1.3945336376504925e-08	77.15866646664567
1.3897973953550435e-08	77.28253145857175
1.385077238717546e-08	77.40659529447642
1.3803731131063986e-08	77.5308582935696
1.3756849640755912e-08	77.65532077557353
1.3710127373639821e-08	77.77998306072381
1.3663563788947503e-08	77.90484546977014
1.3617158347747351e-08	78.02990832397698
1.3570910512937795e-08	78.15517194512472
1.3524819749241755e-08	78.28063665551012
1.34788855232001e-08	78.40630277794747
1.3433107303165155e-08	78.53217063576929
1.3387484559295316e-08	78.65824055282701
1.3342016763548035e-08	78.78451285349213
1.3296703389674587e-08	78.9109878626567
1.3251543913213109e-08	79.03766590573446
1.3206537811483284e-08	79.16454730866153
1.3161684563579973e-08	79.29163239789716
1.3116983650366856e-08	79.41892150042484
1.3072434554471078e-08	79.5464149437528
1.3028036760276927e-08	79.67411305591511
1.2983789753919558e-08	79.80201616547255
1.2939693023279673e-08	79.93012460151313
1.2895746057977286e-08	80.05843869365334
1.2851948349365492e-08	80.18695877203868
1.2808299390525317e-08	80.31568516734475
1.2764798676259016e-08	80.4446182107779
1.2721445703085058e-08	80.57375823407625
1.2678239969231464e-08	80.70310556951047
1.2635180974630735e-08	80.83266054988451
1.2592268220913744e-08	80.96242350853677
1.254950121140366e-08	81.0923947793406
1.2506879451110822e-08	81.22257469670541
1.2464402446726697e-08	81.35296359557748
1.2422069706617861e-08	81.48356181144065
1.2379880740820937e-08	81.61436968031751
1.233783506103659e-08	81.74538753876989
1.2295932180623704e-08	81.87661572390006
1.2254171614593933e-08	82.0080545733514
1.2212552879606288e-08	82.13970442530925
1.2171075493961356e-08	82.27156561850197
1.2129738977595409e-08	82.40363849220157
1.2088542852075458e-08	82.5359233862248
1.2047486640593409e-08	82.6684206409339
1.200656986796025e-08	82.80113059723745
1.1965792060601149e-08	82.9340535965914
1.1925152746549668e-08	83.0671899809997
1.1884651455442015e-08	83.20054009301549
1.1844287718512275e-08	83.33410427574177
1.1804061068586212e-08	83.46788287283223
1.1763971040076637e-08	83.60187622849242
1.172401716897725e-08	83.73608468748024
1.1684198992857932e-08	83.87050859510721
1.1644516050859115e-08	84.00514829723919
1.1604967883686157e-08	84.14000414029711
1.1565554033604602e-08	84.27507647125819
1.152627404443459e-08	84.41036563765651
1.1487127461545301e-08	84.54587198758419
1.1448113831850253e-08	84.68159586969215
1.1409232703801778e-08	84.81753763319085
1.1370483627385517e-08	84.95369762785155
1.133186615411586e-08	85.09007620400683
1.1293379837030018e-08	85.2266737125518
1.1255024230683582e-08	85.36349050494485
1.1216798891144639e-08	85.50052693320849
1.1178703375989271e-08	85.63778334993046
1.114073724429616e-08	85.77526010826439
1.1102900056641212e-08	85.91295756193095
1.1065191375093016e-08	86.05087606521865
1.1027610763207509e-08	86.18901597298462
1.0990157786022643e-08	86.32737764065581
1.095283201005399e-08	86.4659614242296
1.0915633003289e-08	86.60476768027499
1.0878560335182724e-08	86.74379676593337
1.0841613576652114e-08	86.88304903891934
1.0804792300071677e-08	87.02252485752193
1.0768096079268257e-08	87.16222458060514
1.0731524489515847e-08	87.30214856760925
1.0695077107531195e-08	87.4422971785515
1.0658753511468645e-08	87.58267077402697
1.0622553280914983e-08	87.72326971520981
1.0586475996885108e-08	87.86409436385375
1.0550521241816912e-08	88.00514508229347
1.0514688599566192e-08	88.14642223344512
1.0478977655402432e-08	88.2879261808076
1.0443387996003322e-08	88.42965728846333
1.040791920945066e-08	88.57161592107906
1.0372570885224884e-08	88.71380244390716
1.033734261420095e-08	88.85621722278611
1.0302233988643308e-08	88.99886062414191
1.0267244602200946e-08	89.1417330149887
1.0232374049903195e-08	89.28483476292972
1.019762192815478e-08	89.42816623615849
1.0162987834730903e-08	89.57172780345944
1.0128471368773174e-08	89.71551983420913
1.0094072130784301e-08	89.85954269837713
1.0059789722624132e-08	90.00379676652673
1.0025623747504386e-08	90.14828240981635
9.991573809984635e-09	90.29300000000002
9.957644864101112e-09	90.43792617729217
9.923831132636164e-09	90.58308497058853
9.890132224349825e-09	90.72847675325293
9.856547749330691e-09	90.87410189924861
9.823077318991317e-09	91.01996078313904
9.789720546063806e-09	91.16605378008877
9.756477044595331e-09	91.31238126586462
9.723346429943665e-09	91.4589436168365
9.69032831877273e-09	91.60574120997849
9.657422329048165e-09	91.75277442286959
9.624628080032987e-09	91.90004363369496
9.591945192282861e-09	92.04754922124678
9.559373287642193e-09	92.1952915649251
9.52691198923943e-09	92.34327104473903
9.494560921482788e-09	92.49148804130765
9.462319710055972e-09	92.63994293586082
9.430187981913548e-09	92.7886361102404
9.398165365277081e-09	92.93756794690115
9.36625148963053e-09	93.08673882891169
9.334445985716038e-09	93.23614913995536
9.302748485529648e-09	93.3857992643315
9.271158622317067e-09	93.53568958695624
9.2396760305694e-09	93.6858204933634
9.208300346019014e-09	93.83619236970576
9.17703120563501e-09	93.9868056027559
9.145868247619478e-09	94.13766057990703
9.114811111403016e-09	94.28875768917432
9.08385943764062e-09	94.44009731919567
9.053012868207537e-09	94.59167985923281
9.022271046195197e-09	94.74350569917213
8.991633615906772e-09	94.89557522952595
8.961100222853528e-09	95.04788884143339
8.930670513750407e-09	95.20044692666123
8.900344136512018e-09	95.35324987760521
8.870120740248575e-09	95.50629808729089
8.839999975261817e-09	95.65959194937449
8.809981493040986e-09	95.81313185814426
8.78006494625877e-09	95.96691820852129
8.750249988767371e-09	96.1209513960604
8.720536275594213e-09	96.27523181695145
8.690923462938373e-09	96.42975986802014
8.661411208166325e-09	96.58453594672919
8.631999169808039e-09	96.7395604511791
8.602687007553102e-09	96.89483378010948
8.573474382246508e-09	97.0503563329
8.544360955885146e-09	97.20612850957114
8.51534639161361e-09	97.36215071078564
8.486430353720374e-09	97.51842333784931
8.457612507633904e-09	97.67494679271195
8.428892519918793e-09	97.83172147796863
8.400270058271897e-09	97.98874779686058
8.371744791518494e-09	98.14602615327634
8.343316389608516e-09	98.30355695175251
8.31498452361246e-09	98.4613405974752
8.286748865717997e-09	98.61937749628082
8.258609089225894e-09	98.77766805465707
8.230564868546313e-09	98.93621267974422
8.202615879195106e-09	99.09501177933602
8.174761797789789e-09	99.25406576188061
8.147002302046212e-09	99.41337503648188
8.119337070774556e-09	99.57294001290029
8.091765783875681e-09	99.73276110155406
8.064288122337428e-09	99.89283871351998
8.036903768230923e-09	100.05317326053488
8.009612404706907e-09	100.21376515499621
7.982413715992053e-09	100.37461480996356
7.9553073873854e-09	100.53572263915939
7.928293105254429e-09	100.69708905697026
7.901370557031845e-09	100.85871447844782
7.874539431211683e-09	101.02059931931002
7.847799417345783e-09	101.18274399594175
7.821150206040246e-09	101.34514892539654
7.794591488951615e-09	101.50781452539722
7.768122958783681e-09	101.67074121433707
7.741744309283677e-09	101.83392941128093
7.715455235238789e-09	101.99737953596639
7.689255432472638e-09	102.16109200880442
7.663144597841749e-09	102.32506725088106
7.637122429232052e-09	102.48930568395818
7.611188625555442e-09	102.65380773047454
7.585342886746052e-09	102.81857381354699
7.559584913757146e-09	102.98360435697148
7.533914408557427e-09	103.1488997852243
7.508331074127625e-09	103.31446052346274
7.482834614457087e-09	103.48028699752679
7.457424734540395e-09	103.64637963393987
7.432101140373714e-09	103.81273885990996
7.40686353895176e-09	103.97936510333075
7.381711638264161e-09	104.14625879278287
7.3566451472921435e-09	104.31342035753447
7.331663776005157e-09	104.48085022754306
7.306767235357531e-09	104.64854883345616
7.281955237285115e-09	104.81651660661247
7.257227494702024e-09	104.98475397904306
7.232583721497058e-09	105.1532613834724
7.208023632530766e-09	105.32203925331966
7.1835469436319e-09	105.4910880226993
7.1591533715941875e-09	105.66040812642295
7.1348426341730555e-09	105.82999999999997
7.110613491719887e-09	105.99994607641666
7.086466628775235e-09	106.17016505908762
7.062401765926739e-09	106.3406573862566
7.038418624711018e-09	106.5114234968714
7.014516927610494e-09	106.68246383058444
6.990696398049831e-09	106.85377882775417
6.966956760392973e-09	107.02536892944626
6.943297739939893e-09	107.1972345774345
6.919719062923419e-09	107.36937621420248
6.896220456506e-09	107.54179428294395
6.872801648776781e-09	107.71448922756454
6.849462368748125e-09	107.88746149268268
6.826202346352684e-09	108.06071152363067
6.803021312440238e-09	108.2342397664563
6.779918998774569e-09	108.4080466679233
6.7568951380303584e-09	108.58213267551294
6.733949463790041e-09	108.75649823742505
6.711081710540943e-09	108.93114380257914
6.688291613671874e-09	109.1060698206159
6.665578909470292e-09	109.28127674189776
6.6429433351191925e-09	109.45676501751045
6.620384628694015e-09	109.6325350992641
6.597902529159831e-09	109.80858743969426
6.57549677636799e-09	109.98492249206349
6.553167111053335e-09	110.16154071036189
6.530913274831147e-09	110.33844254930872
6.5087350101941495e-09	110.51562846435344
6.486632060509535e-09	110.69309891167678
6.4646041700159914e-09	110.87085434819237
6.442651083820744e-09	111.04889523154719
6.4207725478965545e-09	111.22722202012329
6.398968309078991e-09	111.4058351730388
6.37723811506318e-09	111.58473515014897
6.3555817144011034e-09	111.7639224120479
6.3339988564986315e-09	111.94339742006895
6.312489291612573e-09	112.12316063628641
6.2910527708479915e-09	112.30321252351663
6.269689046155017e-09	112.48355354531905
6.248397870326181e-09	112.66418416599781
6.227178996993505e-09	112.84510485060235
6.206032180625645e-09	113.026316064929
6.1849571765250585e-09	113.2078182755221
6.163953740825169e-09	113.38961194967504
6.143021630487543e-09	113.571697555432
6.12216060329903e-09	113.75407556158837
6.101370417869155e-09	113.93674643769248
6.080650833627035e-09	114.11971065404673
6.060001610818783e-09	114.30296868170855
6.0394225105046935e-09	114.48652099249222
6.018913294556423e-09	114.6703680589693
5.998473725654436e-09	114.85451035447039
5.978103567284958e-09	115.038948353086
5.9578025837374375e-09	115.22368252966834
5.937570540101774e-09	115.4087133598318
5.917407202265595e-09	115.59404131995466
5.897312336911543e-09	115.77966688718016
5.877285711514586e-09	115.96559053941765
5.85732709433932e-09	116.15181275534431
5.837436254437242e-09	116.3383340144056
5.817612961644266e-09	116.52515479681705
5.797856986577777e-09	116.71227558356529
5.7781681006341625e-09	116.89969685640925
5.758546075986127e-09	117.08741909788186
5.7389906855800016e-09	117.27544279129056
5.719501703133308e-09	117.46376842071898
5.7000789031318606e-09	117.65239647102815
5.680722060827337e-09	117.84132742785758
5.66143095223464e-09	118.03056177762701
5.6422053541292975e-09	118.22010000753691
5.6230450440448865e-09	118.40994260557027
5.603949800270408e-09	118.60009006049366
5.584919401847905e-09	118.79054286185843
5.5659536285696364e-09	118.98130150000244
5.547052260975704e-09	119.17236646605059
5.528215080351475e-09	119.36373825191659
5.5094418687249985e-09	119.55541735030401
5.490732408864714e-09	119.74740425470759
5.472086484276445e-09	119.93969945941487
5.453503879201513e-09	120.13230345950674
5.434984378613757e-09	120.32521675085931
5.416527768217263e-09	120.51843983014493
5.398133834443847e-09	120.71197319483339
5.379802364450576e-09	120.90581734319377
5.361533146117307e-09	121.09997277429486
5.343325968044195e-09	121.29443998800703
5.325180619549411e-09	121.48921948500336
5.30709689066645e-09	121.68431176676079
5.289074572141874e-09	121.87971733556195
5.271113455432847e-09	122.07543669449565
5.2532133327046776e-09	122.27147034745873
5.235373996828587e-09	122.46781879915721
5.217595241379057e-09	122.66448255510744
5.199876860631606e-09	122.86146212163796
5.182218649560372e-09	123.05875800588996
5.1646204038357416e-09	123.2563707158192
5.1470819198219765e-09	123.45430076019711
5.12960299457487e-09	123.652548648612
5.112183425839384e-09	123.85111489147089
5.09482301204728e-09	124.05000000000001
5.077520952438414e-09	124.24914572257347
5.06027765076206e-09	124.44861114703194
5.043092907475812e-09	124.64839678661387
5.025966523714868e-09	124.84850315538219
5.0088983012898966e-09	125.04893076822454
4.991888042684496e-09	125.24968014085555
4.974935551053031e-09	125.45075178981776
4.9580406302184796e-09	125.65214623248254
4.941203084669874e-09	125.85386398705239
4.924422719560366e-09	126.05590557256116
4.907699340704648e-09	126.25827150887648
4.891032754577028e-09	126.46096231670003
4.874422768308906e-09	126.6639785175698
4.85786918968667e-09	126.86732063386103
4.8413718271495835e-09	127.07098918878718
4.824930489787293e-09	127.27498470640218
4.808544987337936e-09	127.47930771160075
4.7922151301856245e-09	127.68395873012062
4.775940729358565e-09	127.88893828854357
4.759721596526594e-09	128.0942469142963
4.74355754399912e-09	128.29988513565274
4.727448384723068e-09	128.5058534817344
4.711393932280442e-09	128.71215248251275
4.695394000886472e-09	128.91878266880954
4.679448405387207e-09	129.12574457229903
4.663556961257475e-09	129.33303872550906
4.64771948459887e-09	129.54066566182192
4.631935792137352e-09	129.7486259154768
4.616205701221436e-09	129.9569200215699
4.600529029819807e-09	130.16554851605696
4.5849055965193306e-09	130.374511935754
4.569335220523064e-09	130.5838108183385
4.553817721647906e-09	130.79344570235165
4.538352920322804e-09	131.00341712719862
4.522940637586384e-09	131.21372563315094
4.507580695085175e-09	131.42437176134754
4.492272915071281e-09	131.63535605379556
4.477017120400444e-09	131.84667905337287
4.461813134530097e-09	132.05834130382829
4.446660781517066e-09	132.2703433497841
4.43155988601583e-09	132.4826857367364
4.4165102732762315e-09	132.69536901105735
4.401511769141565e-09	132.9083937199963
4.386564200046674e-09	133.12176041168067
4.371667393015686e-09	133.33546963511841
4.356821175660295e-09	133.54952194019828
4.342025376177526e-09	133.7639178776922
4.327279823347845e-09	133.9786579992563
4.312584346533289e-09	134.19374285743191
4.297938775675237e-09	134.40917300564794
4.283342941292737e-09	134.62494899822119
4.268796674480249e-09	134.8410713903589
4.2542998069059796e-09	135.05754073815908
4.2398521708096865e-09	135.27435759861288
4.225453599000843e-09	135.49152252960565
4.211103924856807e-09	135.70903608991793
4.196802982320649e-09	135.92689883922782
4.18255060589951e-09	136.14511133811138
4.16834663066244e-09	136.36367414804505
4.154190892238597e-09	136.5825878314066
4.140083226815448e-09	136.80185295147626
4.12602347113663e-09	137.021470072439
4.112011462500337e-09	137.241439759385
4.098047038757198e-09	137.46176257831223
4.0841300383085015e-09	137.68243909612667
4.07026030010443e-09	137.9034698806448
4.056437663641955e-09	138.1248555005947
4.042661968963254e-09	138.34659652561703
4.028933056653587e-09	138.5686935262675
4.015250767839722e-09	138.79114707401718
4.001614944187862e-09	139.01395774125504
3.988025427901914e-09	139.23712610128885
3.97448206172176e-09	139.46065272834645
3.9609846889212375e-09	139.68453819757798
3.947533153306431e-09	139.90878308505637
3.934127299213957e-09	140.13338796777984
3.920766971508936e-09	140.35835342367287
3.9074520155834566e-09	140.58368003158725
3.894182277354531e-09	140.80936837130466
3.880957603262563e-09	141.03541902353695
3.867777840269354e-09	141.2618325699288
3.854642835856421e-09	141.4886095930581
3.841552438023331e-09	141.71575067643838
3.8285064952857204e-09	141.94325640451993
3.8155048566737935e-09	142.1711273626909
3.802547371730323e-09	142.39936413727975
3.789633890509161e-09	142.6279673155556
3.7767642635732826e-09	142.85693748573084
3.763938341993156e-09	143.08627523696217
3.751155977345107e-09	143.3159811593516
3.738417021709412e-09	143.54605584394912
3.725721327668692e-09	143.77649988275294
3.7130687483062843e-09	144.0073138687121
3.700459137204336e-09	144.23849839572753
3.6878923484423537e-09	144.4700540586532
3.675368236595268e-09	144.70198145329854
3.6628866567319947e-09	144.93428117642895
3.6504474644135493e-09	145.16695382576845
3.638050515691459e-09	145.39999999999998
3.6256955743830182e-09	145.6333814019091
3.613382590868782e-09	145.86713740408464
3.6011114226586465e-09	146.10126860779744
3.5888819277464695e-09	146.33577561528293
3.5766939646082776e-09	146.57065902974327
3.5645473922008065e-09	146.80591945534925
3.5524420699597772e-09	147.04155749724077
3.540377857798187e-09	147.27757376152968
3.528354616104859e-09	147.51396885530028
3.5163722057427397e-09	147.7507433866112
3.5044304880472338e-09	147.98789796449762
3.4925293248246554e-09	148.22543319897176
3.4806685783506846e-09	148.463349701025
3.4688481113687198e-09	148.70164808262993
3.457067787088201e-09	148.9403289567408
3.4453274691831987e-09	149.1793929372959
3.4336270217907507e-09	149.4188406392193
3.421966309509207e-09	149.65867267842145
3.4103451973968283e-09	149.89888967180215
3.3987635509701425e-09	150.13949223725075
3.3872212362023054e-09	150.38048099364852
3.375718119521742e-09	150.62185656087044
3.36425406781038e-09	150.86361955978606
3.352828948402333e-09	151.1057706122615
3.3414426290821405e-09	151.34831034116144
3.330094978083433e-09	151.59123937034988
3.318785864087324e-09	151.8345583246922
3.3075151562208084e-09	152.0782678300572
3.296282724055412e-09	152.32236851331766
3.2850884376056e-09	152.56686100235314
3.273932167327191e-09	152.81174592605055
3.2628137841160227e-09	153.05702391430628
3.251733159306372e-09	153.30269559802815
3.2406901646693913e-09	153.54876160913625
3.2296846724118075e-09	153.79522258056494
3.2187165551742327e-09	154.04207914626494
3.2077856860298736e-09	154.2893319412041
3.1968919384829864e-09	154.53698160136943
3.1860351864673306e-09	154.78502876376925
3.1752153043448963e-09	155.0334740664337
3.16443216690424e-09	155.2823181484177
3.1536856493592187e-09	155.5315616498013
3.142975627347467e-09	155.7812052116921
3.1323019769288816e-09	156.0312494762272
3.12166457458434e-09	156.2816950865738
3.111063297214195e-09	156.53254268693155
3.100498022136774e-09	156.78379292253456
3.089968627087111e-09	157.03544643965213
3.079474990215456e-09	157.28750388559084
3.06901699008579e-09	157.53996590869681
3.0585945056745943e-09	157.79283315835613
3.0482074163692506e-09	158.0461062849979
3.0378556019668444e-09	158.2997859400947
3.027538942672575e-09	158.55387277616478
3.0172573190985436e-09	158.80836744677433
3.0070106122622968e-09	159.06327060653794
2.996798703585374e-09	159.31858291112104
2.986621474892088e-09	159.5743050172419
2.9764788084080763e-09	159.83043758267243
2.9663705867588718e-09	160.08698126624034
2.9562966929686864e-09	160.34393672783125
2.946257010458987e-09	160.60130462838933
2.936251423047095e-09	160.85908562992034
2.9262798149448937e-09	161.11728039549212
2.916342070757534e-09	161.3758895892367
2.906438075482052e-09	161.63491387635273
2.8965677145059646e-09	161.894353923106
2.8867308736060914e-09	162.15421039683176
2.876927438947153e-09	162.41448396593685
2.8671572970803914e-09	162.67517529990053
2.8574203349423937e-09	162.9362850692766
2.8477164398537127e-09	163.1978139456957
2.8380454995174972e-09	163.45976260186578
2.828407402018327e-09	163.72213171157526
2.818802035820852e-09	163.98492194969356
2.809229289768453e-09	164.2481339921733
2.7996890530820026e-09	164.51176851605263
2.7901812153586292e-09	164.77582619945585
2.780705666570392e-09	165.04030772159575
2.771262297062942e-09	165.30521376277582
2.7618509975543866e-09	165.570545004391
2.752471659133959e-09	165.8363021289299
2.74312417326069e-09	166.1024858199772
2.733808431762285e-09	166.36909676221404
2.724524326833807e-09	166.6361356414212
2.7152717510363614e-09	166.90360314447977
2.706050597296008e-09	167.1714999593733
2.696860758902346e-09	167.43982677519017
2.6877021295074316e-09	167.70858428212426
2.6785746031244816e-09	167.97777317147734
2.669478074126584e-09	168.24739413566118
2.6604124372456027e-09	168.51744786819862
2.651377587570897e-09	168.78793506372546
2.64237342054804e-09	169.05885641799316
2.633399831977763e-09	169.3302126278691
2.6244567180145743e-09	169.60200439133996
2.61554397516571e-09	169.87423240751224
2.606661500289871e-09	170.1468973766146
2.5978091905959643e-09	170.42000000000002
2.588987372889206e-09	170.69358096890016
2.5801955129129375e-09	170.96760112654877
2.571433508934675e-09	171.24206117799068
2.562701259567384e-09	171.51696182940208
2.5539986637683246e-09	171.7923037880929
2.5453256208378875e-09	172.0680877625085
2.5366820304184253e-09	172.34431446223186
2.5280677924930907e-09	172.62098459798474
2.519482807384702e-09	172.89809888162975
2.5109269757545066e-09	173.1756580261728
2.502400198601155e-09	173.45366274576392
2.4939023772594713e-09	173.73211375569954
2.485433413399335e-09	174.011011772425
2.4769932090245412e-09	174.29035751353516
2.4685816664716673e-09	174.57015169777705
2.4601986884089623e-09	174.85039504505136
2.4518441778351423e-09	175.13108827641503
2.443518038078385e-09	175.41223211408195
2.4352201727951346e-09	175.69382728142543
2.426950485969005e-09	175.97587450298053
2.418708881909668e-09	176.258374504445
2.4104952652517485e-09	176.54132801268165
2.4023095409537187e-09	176.82473575571998
2.3941516142968e-09	177.1085984627588
2.3860213908838663e-09	177.392916864167
2.377918776638351e-09	177.6776916914859
2.3698436778031593e-09	177.96292367743177
2.361796000939603e-09	178.24861355589658
2.3537756529262407e-09	178.5347620619506
2.345782540957918e-09	178.821369931844
2.3378165725446147e-09	179.10843790300936
2.3298776555103942e-09	179.3959667140626
2.3219656979923382e-09	179.68395710480536
2.3140806084394816e-09	179.97240981622738
2.3062222956117736e-09	180.26132559050748
2.2983906685789466e-09	180.55070517101586
2.2905856367195763e-09	180.8405493023167
2.282807109719958e-09	181.13085873016882
2.2750549975730805e-09	181.4216342015285
2.267329210577584e-09	181.71287646455082
2.2596296593367233e-09	182.00458626859262
2.2519562547573334e-09	182.296764364213
2.2443089080487967e-09	182.58941150317608
2.2366875307220166e-09	182.8825284384533
2.229092034588396e-09	183.17611592422432
2.221522331758812e-09	183.47017471587972
2.213978334642622e-09	183.7647055700225
2.206459955946573e-09	184.0597092444709
2.198967108673905e-09	184.35518649825906
2.191499706123268e-09	184.65113809163967
2.184057661887738e-09	184.94756478608645
2.1766408898538195e-09	185.24446734429497
2.169249304200463e-09	185.54184653018518
2.1618828193980037e-09	185.83970310890393
2.154541350207277e-09	186.1380378468258
2.147224811678561e-09	186.4368515115559
2.1399331191506132e-09	186.73614487193137
2.1326661882496896e-09	187.03591869802418
2.125423934888566e-09	187.33617376114196
2.11820627526557e-09	187.6369108338305
2.1110131258636066e-09	187.93813068987643
2.103844403449196e-09	188.23983410430793
2.096700025071507e-09	188.54202185339756
2.0895799080614145e-09	188.84469471466392
2.0824839700304776e-09	189.14785346687424
2.0754121288700863e-09	189.4514988900455
2.068364302750443e-09	189.7556317654468
2.0613404101196345e-09	190.06025287560198
2.0543403697026856e-09	190.36536300429057
2.0473641005006208e-09	190.67096293655032
2.0404115217895438e-09	190.9770534586798
2.033482553119635e-09	191.2836353582392
2.0265771143143234e-09	191.59070942405333
2.0196951254692877e-09	191.8982764462131
2.0128365069515535e-09	192.20633721607823
2.006001179398569e-09	192.51489252627843
1.9991890637172863e-09	192.82394317071578
1.992400081083248e-09	193.13348994456737
1.985634152939674e-09	193.44353364428628
1.978891200996552e-09	193.75407506760436
1.9721711472297326e-09	194.0651150135339
1.9654739138800272e-09	194.3766542823704
1.9587994234523055e-09	194.68869367569357
1.9521475987146174e-09	195.0012339963699
1.9455183626972344e-09	195.3142760485554
1.9389116386918545e-09	195.6278206376963
1.932327350250651e-09	195.9418685705321
1.925765421185405e-09	196.25642065509726
1.9192257755666213e-09	196.5714777007239
1.912708337722652e-09	196.88704051804285
1.906213032238836e-09	197.20310991898623
1.899739783956563e-09	197.5196867167902
1.8932885179724986e-09	197.83677172599587
1.886859159637655e-09	198.1543657624519
1.8804516345565414e-09	198.4724696433173
1.8740658685863057e-09	198.7910841870623
1.8677017878358742e-09	199.1102102134712
1.861359318665098e-09	199.42984854364414
1.8550383876839e-09	199.75000000000006
